3.094594
3.702703
2.783784
2.648649
3.000000
2.918919
2.729730
2.716216
3.040540
2.797297
3.121622
3.094594
2.783784
2.878378
2.770270
2.621622
3.013514
2.567568
2.891892
3.608108
3.364865
2.648649
2.932432
2.851351
2.716216
2.972973
3.027027
3.540540
3.256757
2.959460
2.729730
2.878378
3.013514
3.351351
2.567568
3.094594
3.121622
3.135135
3.175676
2.891892
3.702703
2.797297
3.351351
3.337838
2.662162
2.851351
2.837838
2.837838
2.810811
2.378378
3.040540
2.864865
3.148649
3.459460
2.527027
3.216216
3.432432
3.229730
2.783784
3.135135
3.270270
2.472973
3.175676
2.689189
3.094594
3.027027
2.945946
2.810811
3.081081
3.621622
3.067568
2.797297
2.608108
2.621622
3.040540
