65
0 16 19 11 9 5 16 7 3 9 6 20 14 9 6 3 15 4 11 13 2 9 14 1 1 15 10 12 2 12 19 18 19 12 1 1 9 12 3 14 8 10 14 16 4 12 18 15 4 3 11 10 7 13 13 13 6 6 13 9 9 9 18 10 8
20 0 17 20 1 17 18 13 9 9 14 15 7 16 18 1 9 14 5 3 18 18 14 4 12 18 5 2 16 7 19 20 17 4 3 19 11 13 14 1 5 7 11 5 11 20 7 12 1 1 17 6 17 9 12 17 12 19 5 8 18 15 20 16 11
4 17 0 3 1 4 14 2 11 16 1 3 12 19 10 10 17 2 14 8 10 17 16 20 7 13 10 4 16 10 11 13 17 14 8 1 4 15 14 4 11 18 4 16 7 1 1 10 3 19 2 20 20 11 19 6 16 6 3 7 5 10 2 16 19
8 11 9 0 15 6 6 13 3 1 5 13 15 3 2 9 13 9 5 16 9 4 18 12 18 6 2 18 19 16 20 10 19 8 11 17 14 14 19 20 18 4 19 20 18 6 11 16 5 4 20 8 2 5 19 16 18 2 9 10 12 4 16 9 7
10 4 10 1 0 7 6 15 12 18 11 17 15 18 8 1 19 19 15 3 10 13 16 4 16 2 6 17 18 5 17 17 3 17 2 11 12 1 18 4 9 14 1 15 15 8 10 2 8 12 4 9 12 2 3 5 6 12 11 17 19 11 4 20 10
9 18 9 4 2 0 2 15 13 17 5 6 8 13 8 13 12 5 17 14 17 11 3 11 3 10 2 5 4 10 16 12 12 7 19 12 11 11 9 11 18 1 4 7 2 18 6 10 2 8 12 13 19 4 12 5 3 12 15 20 17 14 8 19 7
14 18 7 16 3 14 0 17 2 5 11 19 1 10 20 16 2 14 1 6 5 1 15 13 14 3 8 10 19 6 4 13 7 3 8 18 10 3 12 5 13 17 2 13 17 7 7 15 20 1 20 17 10 12 1 7 9 14 20 10 14 7 16 1 10
8 14 19 18 8 7 5 0 16 15 2 11 13 15 18 4 2 5 12 5 3 18 11 2 1 11 11 15 16 18 15 18 6 18 14 3 14 1 1 7 7 16 5 15 7 10 2 15 9 9 5 10 2 8 1 16 4 20 19 2 8 19 16 10 19
2 19 10 20 11 4 1 18 0 15 7 9 13 14 6 4 9 10 10 12 6 4 10 7 7 9 13 10 6 12 18 12 18 3 5 9 16 2 19 9 4 20 6 12 14 5 11 13 9 9 18 4 15 7 16 18 3 9 2 15 18 14 7 10 7
17 12 14 11 3 2 2 18 14 0 8 7 4 13 6 8 10 13 7 8 5 18 12 1 10 11 11 2 13 3 4 1 14 11 14 14 6 2 18 19 5 15 12 5 16 10 17 10 3 13 14 18 20 8 4 13 13 10 5 14 12 4 17 11 11
15 15 10 20 4 10 12 10 8 8 0 10 8 3 3 11 15 10 15 18 3 14 18 11 15 9 15 11 9 15 7 6 18 16 4 5 1 18 14 16 18 9 13 17 6 16 12 3 12 13 19 11 14 19 11 7 11 10 14 5 5 6 15 6 9
12 20 14 9 9 15 13 6 15 3 5 0 3 18 2 10 13 17 7 20 14 14 14 1 13 7 17 13 2 10 11 17 11 4 2 20 20 14 19 4 18 1 1 7 14 16 1 1 4 10 9 10 5 2 9 15 19 15 19 5 8 2 16 18 5
20 1 17 16 20 17 1 10 6 8 19 14 0 3 14 10 8 10 19 9 6 3 13 14 14 20 9 14 1 17 8 10 20 12 2 9 2 1 8 11 1 1 18 3 19 14 9 15 12 5 16 7 11 10 13 14 11 16 13 20 6 11 3 16 14
1 18 9 8 9 17 3 11 13 20 17 15 9 0 9 20 16 6 8 6 15 8 16 17 17 15 5 19 12 1 1 11 9 4 18 4 13 8 10 17 17 20 2 1 8 14 11 20 20 7 16 3 10 7 17 7 11 1 15 5 7 12 18 18 16
7 13 2 17 9 16 9 13 7 10 9 7 6 13 0 6 16 15 13 3 13 18 11 5 14 20 13 7 11 4 14 11 6 17 2 20 9 13 11 5 15 6 20 14 1 17 15 12 11 20 6 2 7 18 13 1 6 5 2 4 12 14 15 11 10
6 18 3 7 18 12 2 18 8 1 17 20 13 19 15 0 2 20 19 16 15 3 9 10 17 16 15 10 12 2 3 8 19 11 5 14 16 15 10 14 18 19 12 11 11 9 10 8 3 6 15 18 7 20 10 13 12 14 4 20 3 19 11 8 2
1 14 11 2 5 13 2 7 16 16 9 18 16 20 8 11 0 10 4 7 12 7 19 15 10 18 6 18 8 18 14 6 4 17 18 1 5 12 7 11 16 15 10 7 13 7 8 13 13 20 11 9 5 9 13 16 10 18 13 14 14 12 16 5 10
20 10 9 19 17 19 19 7 3 19 6 3 2 6 8 18 10 0 19 6 3 4 1 20 10 4 11 12 10 11 6 12 2 1 17 20 13 13 9 1 1 4 5 1 7 19 20 4 6 4 13 14 16 9 6 16 17 4 15 20 14 4 19 13 7
4 6 18 15 12 4 19 14 13 16 16 5 17 5 6 10 1 1 0 3 13 14 14 15 9 16 13 12 18 6 16 6 11 8 18 10 19 19 5 10 3 8 19 7 11 15 17 15 3 11 19 18 5 2 18 19 1 14 17 14 16 13 3 16 3
12 13 18 12 4 1 16 6 14 1 17 18 10 12 12 5 4 1 18 0 5 19 16 19 19 13 15 8 9 10 1 9 8 12 5 6 20 13 9 4 20 8 20 18 9 13 5 10 4 19 6 17 13 3 7 5 10 12 18 12 7 18 10 1 1
11 17 1 13 8 3 19 6 4 2 6 2 10 10 14 11 20 16 12 17 0 20 3 2 15 16 5 18 3 4 11 1 16 16 7 12 12 8 14 13 15 9 12 13 13 20 11 9 14 12 7 6 12 6 9 16 9 9 15 20 9 18 15 8 1
19 18 11 2 8 19 8 3 18 6 11 8 1 17 13 20 20 12 4 10 8 0 19 19 20 17 17 12 16 8 7 18 6 14 13 18 14 11 14 19 18 14 3 20 3 18 20 15 3 9 13 15 19 17 16 17 10 8 12 4 19 13 1 19 5
2 2 4 19 20 9 1 14 9 13 4 3 20 13 6 10 18 8 7 1 15 6 0 4 5 8 18 3 15 13 14 7 2 14 9 10 11 17 9 16 3 5 14 18 19 5 2 17 1 14 15 3 19 3 14 3 3 4 1 19 5 5 2 15 17
18 16 12 7 4 6 3 14 14 13 18 11 20 14 10 3 19 8 2 17 10 6 4 0 19 4 16 9 5 16 13 4 20 17 5 5 20 16 9 17 11 3 9 5 7 16 14 16 7 14 5 5 8 8 9 8 6 7 9 8 10 7 7 13 14
13 2 1 3 2 16 19 6 17 7 2 16 19 20 3 16 8 15 10 14 5 8 20 13 0 3 2 16 18 19 2 4 13 16 18 7 11 3 18 13 6 16 1 8 4 8 6 4 15 12 9 13 15 12 18 1 20 13 19 20 1 3 12 10 13
17 1 12 12 13 5 7 17 3 13 13 2 9 15 8 17 2 1 14 13 10 20 1 13 16 0 3 5 20 1 2 15 19 2 4 18 2 13 17 19 11 19 18 4 1 3 1 18 14 12 18 18 20 4 8 16 12 18 9 12 9 3 9 4 17
3 13 11 6 11 9 13 14 15 17 20 5 6 14 9 14 5 18 4 1 12 17 4 15 10 11 0 5 4 8 1 4 8 18 10 2 2 1 11 15 5 20 2 9 4 18 3 14 1 3 12 2 14 14 2 12 15 1 8 5 20 18 3 19 4
7 15 15 2 7 14 19 9 12 15 6 1 12 6 10 11 20 1 3 20 14 9 7 13 18 14 5 0 8 3 1 14 16 15 17 10 2 8 2 18 20 17 2 19 8 4 3 10 19 7 5 16 10 18 20 16 16 13 4 1 17 7 3 7 1
13 6 7 16 14 2 10 2 13 17 15 16 9 13 4 7 2 14 11 11 17 19 10 16 13 7 1 17 0 6 6 11 18 15 3 18 8 10 10 14 17 1 6 11 17 11 11 2 1 16 16 5 4 3 16 17 19 12 4 19 19 16 13 18 10
19 2 9 17 4 16 14 17 2 17 4 1 14 8 6 14 12 11 8 11 10 17 3 16 12 3 17 9 19 0 8 15 5 2 4 16 9 9 3 20 3 2 8 20 4 11 3 15 18 18 8 2 8 13 9 18 20 6 2 1 19 11 13 8 15
19 16 14 18 3 19 10 14 10 17 4 1 11 14 2 6 11 10 14 8 9 12 8 16 5 6 14 10 3 18 0 18 1 14 14 16 4 6 6 3 15 20 9 15 6 19 17 4 20 12 11 9 19 14 18 6 2 3 6 1 16 6 9 7 4
6 2 17 8 3 12 3 4 3 9 5 2 12 5 10 2 6 9 15 1 17 2 9 13 10 15 18 11 5 14 13 0 1 14 1 6 14 13 1 3 3 9 12 10 5 19 1 16 18 2 12 15 12 18 16 3 11 4 6 9 14 13 3 16 1
20 16 7 1 6 3 9 12 20 1 19 8 10 2 4 13 15 9 8 1 18 12 20 3 8 11 14 13 2 12 20 16 0 15 8 2 15 11 4 11 7 18 12 17 12 17 9 9 8 16 8 13 10 3 5 7 3 4 7 14 10 17 11 16 5
7 10 7 4 10 5 6 15 7 4 7 13 10 10 11 8 6 6 1 19 10 6 14 18 13 17 8 4 3 9 14 15 5 0 2 14 11 1 13 8 9 4 15 10 6 6 3 13 18 3 13 2 7 11 7 6 13 12 1 14 7 17 2 15 14
15 16 7 1 20 19 3 14 19 20 3 19 5 9 8 10 1 4 9 20 3 20 20 9 2 10 2 2 13 8 11 13 8 18 0 13 4 14 12 15 17 20 14 7 17 13 14 20 6 13 7 1 14 3 2 20 20 18 2 1 11 16 2 15 2
16 18 9 7 15 20 4 11 5 10 17 1 18 18 2 9 19 16 9 11 2 10 7 7 19 3 13 3 20 9 7 5 17 20 9 0 13 15 15 4 17 15 13 4 18 6 19 16 10 10 7 6 3 9 11 6 18 13 14 3 8 19 9 8 10
12 1 11 1 3 13 15 2 16 9 10 17 14 13 4 12 17 2 5 19 4 11 15 2 2 13 15 9 20 16 20 12 3 18 6 6 0 6 1 17 4 11 16 10 8 9 6 17 15 10 11 16 3 20 13 10 8 12 3 1 12 3 16 16 8
17 8 8 7 7 1 11 20 4 12 14 19 12 14 15 3 10 9 20 12 1 16 8 14 12 14 9 6 19 20 15 11 4 1 6 16 15 0 1 10 1 5 11 7 10 1 7 10 14 12 11 8 1 13 12 10 9 18 9 18 3 17 11 3 15
1 17 11 4 2 9 1 18 1 13 6 5 18 6 14 16 3 6 3 16 7 16 15 11 8 2 7 19 3 4 10 3 20 3 13 1 20 17 0 14 4 18 9 17 3 4 3 18 9 1 12 7 13 16 10 13 10 10 10 12 1 12 2 9 4
10 7 9 13 14 5 3 14 1 4 20 20 16 17 15 17 20 6 20 3 18 6 11 14 13 1 10 8 1 11 14 7 9 15 8 1 5 6 16 0 7 8 8 9 15 1 13 14 2 16 17 8 6 19 20 9 5 10 12 10 7 15 15 17 17
2 17 6 15 4 18 5 19 12 6 13 9 20 10 12 10 14 1 13 7 12 14 8 3 12 18 1 7 9 8 18 8 4 3 6 11 9 17 4 11 0 8 17 4 16 8 18 5 13 11 13 3 11 9 5 5 16 10 11 1 13 17 1 9 19
5 9 19 8 18 18 17 19 17 9 10 6 8 19 14 3 1 14 5 13 17 6 12 2 14 3 7 12 15 18 18 16 3 7 8 18 16 8 6 16 14 0 9 18 5 1 1 16 20 9 5 4 3 3 8 17 13 11 2 4 6 20 6 3 5
4 10 7 12 2 6 15 5 6 3 2 11 15 1 20 14 19 20 12 15 18 16 5 16 6 17 3 18 20 12 15 18 17 18 12 7 16 17 17 19 2 10 0 12 16 14 3 12 18 4 16 14 10 2 4 5 6 12 20 12 8 20 10 18 10
9 3 13 5 10 9 11 11 13 2 4 5 14 17 4 10 16 14 18 15 13 20 11 7 20 4 2 9 12 12 5 18 5 12 9 13 12 17 15 15 12 4 20 0 17 10 10 18 7 20 9 9 2 20 1 10 20 9 5 1 3 16 6 14 13
5 3 6 13 10 1 2 6 1 6 20 7 8 14 3 16 13 14 17 1 5 4 3 12 8 7 16 9 20 12 10 10 12 10 9 1 12 8 4 15 14 17 10 7 0 6 9 18 3 13 11 17 7 5 18 6 7 7 20 13 15 5 1 14 13
17 1 7 2 15 16 17 12 4 20 16 16 20 8 11 7 6 10 4 10 12 20 20 4 15 17 3 8 5 9 7 11 18 9 15 8 3 15 16 20 18 7 15 8 10 0 9 4 7 11 1 1 13 1 17 3 12 18 9 1 13 12 6 5 9
10 1 12 18 19 11 9 20 17 9 17 17 7 6 19 9 14 1 12 14 8 12 9 9 16 13 14 17 5 19 8 15 19 16 10 20 14 12 20 12 8 19 5 4 19 17 0 11 11 3 10 19 10 6 15 17 7 13 1 1 3 9 18 12 3
18 13 5 1 15 15 4 17 8 14 5 7 3 9 14 17 13 9 13 10 6 8 19 1 13 13 4 14 14 5 8 11 6 2 13 12 4 6 19 1 13 12 6 1 9 14 14 0 10 13 8 4 8 5 3 2 10 10 4 13 18 9 16 5 7
19 2 19 20 17 20 4 7 14 16 12 20 8 7 2 7 10 10 10 10 16 15 2 4 2 19 1 17 19 18 4 20 5 2 16 10 20 3 14 5 2 11 3 2 18 10 18 15 0 14 20 7 8 9 16 1 20 14 7 16 5 2 3 12 15
14 2 12 9 10 5 20 5 3 8 2 18 16 11 13 16 17 19 12 16 20 9 7 9 9 11 20 2 3 19 6 17 19 6 14 13 17 9 16 12 10 5 3 11 18 7 8 12 3 0 20 11 13 1 14 9 6 2 10 9 10 7 5 4 17
16 5 19 7 18 18 6 17 8 19 11 11 5 20 1 10 1 18 8 7 1 6 14 13 19 1 7 7 20 18 16 2 19 14 17 16 20 16 13 5 11 2 8 5 10 2 2 5 6 1 0 20 19 11 1 17 10 3 3 7 13 5 3 19 2
19 18 10 1 20 20 5 8 19 16 17 6 11 15 7 10 2 1 11 2 13 14 16 4 4 10 14 9 11 20 9 12 13 10 11 8 3 12 18 4 11 3 15 9 15 4 5 14 8 11 5 0 12 9 11 20 7 18 14 5 14 5 17 13 15
8 1 13 12 6 11 12 5 8 7 11 12 7 15 9 13 1 15 1 16 6 9 20 3 6 20 2 20 9 13 10 14 19 12 19 14 19 11 6 16 9 9 15 4 17 9 19 9 18 5 5 19 0 11 17 4 10 6 3 7 7 2 3 16 13
2 10 7 16 16 14 2 20 7 19 9 12 6 16 17 1 11 11 17 19 16 15 1 18 11 15 16 18 19 18 7 1 10 18 4 18 5 11 20 19 2 2 20 6 5 9 1 13 10 5 8 1 1 0 16 7 16 13 6 18 6 8 9 12 15
5 15 17 10 16 14 19 8 8 7 19 11 5 5 19 6 20 6 12 16 19 19 10 14 4 17 1 18 3 2 2 2 1 3 17 11 13 2 18 6 15 16 1 2 8 7 9 3 16 3 11 7 14 5 0 14 19 1 13 19 6 6 3 9 4
8 11 11 3 11 6 6 13 11 8 18 20 8 13 3 9 6 19 4 2 3 17 15 11 8 9 20 20 7 12 15 12 18 12 16 12 16 15 1 20 13 20 18 2 6 5 20 2 11 2 9 20 17 16 9 0 13 7 3 5 4 17 3 9 18
11 15 2 15 16 15 10 5 16 2 5 8 1 12 6 19 17 19 8 10 13 13 15 7 6 15 8 3 9 5 8 20 19 6 7 10 9 17 14 16 15 17 5 17 17 18 15 8 7 16 1 12 16 1 2 18 0 10 7 5 15 11 11 13 17
8 17 4 12 11 20 16 16 11 7 10 13 4 7 15 4 8 1 5 6 13 9 12 4 18 10 8 18 9 4 5 17 2 16 20 11 12 11 12 20 4 4 4 11 10 8 13 8 15 5 16 20 7 11 13 1 11 0 11 5 8 16 6 13 3
12 15 6 12 13 2 11 15 17 3 9 18 4 15 7 19 7 12 17 12 9 13 8 18 19 5 12 16 16 19 16 12 18 12 11 3 19 3 8 17 12 15 17 5 18 7 8 8 20 18 1 19 9 6 18 14 1 17 0 16 7 2 12 8 16
15 20 9 19 20 20 18 15 9 5 3 1 12 15 19 4 14 18 19 8 14 3 18 1 7 15 18 10 8 11 19 1 8 5 19 17 13 5 3 16 17 4 19 14 6 4 12 4 20 11 17 18 4 3 16 3 15 4 1 0 19 17 12 19 20
10 20 8 3 19 20 3 18 14 13 15 11 14 13 14 5 13 6 17 7 15 16 19 14 18 1 13 3 14 8 19 12 6 1 12 15 15 4 3 17 4 19 18 19 7 9 17 1 6 10 5 10 11 14 13 18 12 18 11 10 0 15 5 16 1
20 14 7 3 17 2 15 8 12 14 5 17 13 4 3 14 13 13 1 12 6 2 14 9 9 2 19 10 7 12 15 16 8 5 10 14 4 7 5 1 16 10 5 20 7 2 3 10 2 9 18 15 7 4 10 3 17 15 20 9 14 0 13 7 6
13 20 5 3 20 1 4 16 20 4 4 4 9 11 14 15 20 3 1 14 7 9 5 12 5 13 8 17 13 18 2 3 14 16 16 15 16 20 2 16 9 16 9 18 8 15 10 15 19 17 3 4 15 12 19 5 19 1 5 4 4 16 0 7 11
18 5 10 10 13 10 10 5 12 20 6 19 6 20 12 14 12 17 7 19 18 12 20 18 8 8 10 19 1 3 19 15 14 7 12 11 6 16 19 10 11 19 4 6 12 13 6 4 8 17 12 12 10 16 19 18 7 20 4 12 11 19 20 0 19
13 18 1 11 3 12 20 19 12 9 5 1 9 16 3 15 5 12 17 20 19 6 11 15 8 4 11 15 8 18 12 5 5 3 3 13 13 18 10 4 14 17 14 15 16 1 3 4 13 8 1 12 3 8 15 19 9 10 11 7 12 18 8 13 0
