40
0 6 4 2 8 15 16 3 4 2 18 17 5 17 5 8 20 12 2 2 11 14 11 8 20 12 13 20 17 16 12 20 8 19 8 10 20 7 12 16
15 0 4 2 10 6 11 17 4 18 18 6 7 3 20 18 15 17 17 16 1 5 15 17 13 13 5 8 17 15 15 19 4 4 12 19 5 15 20 18
19 3 0 20 18 7 13 14 4 10 14 13 9 2 1 1 9 8 8 18 3 8 19 9 6 10 9 7 2 5 10 1 10 6 19 19 3 7 7 16
6 20 3 0 17 6 19 1 6 6 10 4 12 5 1 14 7 11 4 20 11 1 9 12 16 8 17 11 13 11 11 5 17 13 2 17 19 4 1 7
2 15 6 5 0 3 9 3 15 12 11 2 6 10 1 5 3 1 2 11 17 18 19 13 10 12 4 6 13 7 7 10 10 3 17 8 5 3 5 9
12 11 8 18 5 0 15 15 10 4 5 12 16 6 1 10 18 7 18 2 6 5 15 4 7 18 1 18 3 12 19 9 1 12 5 4 20 8 13 4
7 13 10 17 9 2 0 6 6 17 6 3 11 5 6 1 12 7 7 2 7 6 13 14 7 3 10 3 11 16 8 12 19 7 11 2 14 13 4 17
7 18 2 6 7 9 19 0 9 19 19 6 13 2 11 20 8 14 3 13 9 19 18 11 13 17 13 15 1 15 9 2 4 11 5 19 19 16 16 14
17 18 17 6 20 18 4 8 0 18 19 8 4 1 1 10 5 2 14 8 6 5 20 1 13 14 10 12 1 6 3 12 16 9 5 19 20 9 4 10
18 4 9 10 8 9 1 11 7 0 15 12 8 7 7 8 20 3 12 7 14 20 8 18 13 19 12 18 20 5 20 18 9 5 12 10 12 20 8 17
17 8 13 16 2 13 12 15 19 12 0 5 5 6 14 8 19 8 20 14 2 15 2 12 6 7 1 16 10 3 10 11 3 20 15 16 1 2 12 16
8 11 7 16 13 10 19 9 4 18 11 0 13 12 10 6 11 4 18 18 14 1 3 20 4 13 18 4 8 15 8 13 14 19 1 9 8 4 16 12
3 1 10 2 1 3 20 15 11 13 19 7 0 20 11 17 18 17 4 5 19 17 12 17 11 7 20 1 11 9 20 10 6 18 10 13 4 6 5 10
10 9 19 19 12 14 14 16 14 12 20 18 6 0 6 9 13 6 18 12 2 11 15 18 4 4 20 12 13 14 15 3 14 13 10 11 17 20 11 14
15 12 19 13 4 7 6 17 1 19 5 14 13 4 0 2 17 18 20 19 3 3 11 9 15 18 16 1 10 5 5 10 4 8 8 11 12 12 16 14
14 11 15 1 7 17 6 20 16 20 2 10 15 17 19 0 5 14 7 9 3 19 6 17 1 1 12 17 6 5 5 14 3 9 8 8 3 3 15 17
17 17 1 2 2 7 2 11 17 11 10 1 14 15 20 10 0 3 2 10 10 4 18 1 2 17 13 2 7 18 14 14 13 8 4 9 13 11 10 3
13 19 2 3 18 9 13 5 2 18 2 19 18 8 15 3 11 0 7 7 1 1 14 2 14 20 1 2 5 10 18 6 18 19 7 1 4 1 9 10
7 15 19 9 5 5 20 14 1 14 9 19 2 16 20 16 4 13 0 8 8 4 13 5 8 19 19 4 5 15 1 14 6 14 12 10 14 19 17 8
13 19 1 9 17 14 7 6 1 1 15 4 2 14 15 8 7 11 19 0 4 10 15 8 20 7 19 6 5 1 14 4 15 20 1 8 19 7 19 6
12 20 11 4 19 11 2 15 17 2 14 13 3 7 12 2 12 6 1 15 0 11 8 13 20 11 5 2 18 17 19 4 13 13 17 4 3 11 4 3
5 2 6 18 6 8 7 2 20 7 16 10 9 8 1 17 1 18 17 6 14 0 11 9 20 6 17 4 13 6 16 3 11 1 10 1 2 17 1 17
18 16 3 11 16 3 11 19 16 8 8 18 12 17 13 20 8 4 1 14 14 8 0 7 10 11 19 13 2 14 9 7 11 10 7 7 20 1 14 6
19 6 2 5 16 8 11 9 11 1 19 5 5 9 2 15 20 2 6 2 2 2 8 0 18 15 2 13 8 14 8 6 6 16 2 5 3 15 20 6
20 17 2 20 13 20 20 1 12 8 12 16 4 11 12 1 7 15 18 4 2 9 18 12 0 5 3 16 3 2 15 20 15 11 10 17 9 19 5 14
9 11 2 5 12 10 6 18 18 6 15 19 9 7 18 18 14 14 10 1 12 14 20 2 15 0 15 20 16 4 8 19 3 9 12 5 13 6 18 16
15 5 8 10 19 3 13 1 3 6 9 17 11 4 9 4 20 10 17 2 11 15 9 2 18 11 0 20 7 13 18 9 16 4 2 7 3 16 16 19
16 5 18 7 12 18 3 20 18 8 10 17 6 18 9 13 15 2 6 5 8 15 13 18 3 4 9 0 4 16 20 5 7 9 10 10 4 16 9 3
13 20 9 2 6 13 17 10 17 11 2 1 1 20 15 2 11 11 14 13 4 10 15 13 20 14 7 18 0 19 13 20 14 6 2 16 9 15 7 17
20 4 14 1 2 19 5 11 6 13 18 10 20 14 20 1 8 9 8 20 11 6 10 20 19 13 2 8 1 0 15 14 12 11 7 8 4 14 17 18
18 5 19 6 13 9 4 3 1 14 10 12 15 9 14 3 11 20 9 4 15 16 14 12 4 19 7 3 5 16 0 5 5 1 14 19 16 20 17 12
19 4 1 10 17 17 1 2 1 12 17 5 1 19 16 7 13 13 5 19 18 5 9 18 19 6 10 5 2 3 17 0 5 19 7 14 1 13 14 9
19 6 18 15 17 18 2 17 12 20 9 11 15 18 4 16 20 12 6 15 8 12 20 10 17 6 4 9 7 3 12 14 0 1 18 6 15 9 3 17
13 10 7 8 10 6 18 2 12 3 19 6 5 7 16 1 12 12 13 15 16 7 6 10 17 16 5 17 12 4 11 13 11 0 18 16 1 18 5 2
7 9 6 12 1 19 20 13 20 2 4 11 8 12 1 15 18 14 2 18 2 19 18 18 8 10 19 8 17 7 16 10 6 18 0 3 2 15 2 7
9 4 15 18 16 11 5 12 19 11 9 1 11 2 20 14 15 9 4 13 7 10 15 3 11 4 14 15 12 2 17 10 9 19 3 0 6 18 11 3
5 6 5 14 6 6 16 15 4 8 13 1 16 17 15 4 11 15 18 6 8 1 6 15 14 10 3 7 17 18 1 2 9 20 12 18 0 19 19 20
2 13 19 18 4 7 2 3 11 15 5 5 17 13 3 16 17 8 5 16 8 6 6 17 7 10 17 10 4 10 19 18 14 6 20 4 3 0 5 18
12 5 4 8 12 2 3 2 4 7 10 1 15 19 8 18 18 1 19 8 18 15 11 5 10 10 20 20 1 10 3 18 5 8 3 16 17 14 0 2
11 10 1 18 10 14 2 17 4 13 10 7 10 14 11 5 12 2 10 10 16 16 8 5 15 8 7 9 14 2 5 8 15 19 19 11 10 7 20 0
