70
0 17 2 2 3 11 14 7 14 17 8 19 6 9 15 16 20 1 18 2 11 6 16 10 8 6 6 5 12 4 11 3 16 9 20 11 17 12 8 11 13 2 2 15 4 19 16 2 4 7 16 7 1 1 17 6 11 12 15 13 10 20 7 18 20 15 12 3 13 1
9 0 16 9 10 7 7 19 10 5 7 13 14 16 15 6 14 2 8 10 12 10 14 12 18 9 19 17 3 20 16 16 3 9 3 11 8 14 13 6 11 16 10 14 14 4 5 11 7 18 13 7 10 12 18 2 7 20 6 17 12 12 18 15 3 2 5 8 18 1
20 5 0 18 6 12 3 12 18 12 12 3 10 8 12 15 10 9 5 17 8 11 20 14 19 11 4 16 18 9 16 16 9 17 19 6 7 4 17 2 14 13 3 3 1 4 18 2 2 17 11 16 7 3 13 6 17 6 15 17 3 12 13 12 17 1 13 16 12 10
1 11 4 0 7 15 15 19 18 10 8 10 15 4 6 11 14 3 14 13 10 20 14 20 5 11 13 6 5 2 15 17 8 12 2 18 11 10 18 1 9 16 17 19 19 7 18 12 19 10 3 13 17 7 3 14 4 12 19 4 11 4 16 15 18 10 10 12 7 10
1 14 15 12 0 9 3 18 20 16 20 8 3 17 3 14 18 4 2 15 1 13 11 19 4 12 5 19 8 6 19 17 1 17 12 5 9 19 10 19 10 6 7 15 10 15 18 14 4 8 15 5 6 16 10 6 5 18 17 20 16 1 14 9 13 6 13 18 5 10
3 15 12 7 19 0 7 12 17 8 7 11 9 16 14 3 9 1 6 12 19 19 16 16 8 3 18 9 18 6 7 3 8 14 6 20 11 3 1 7 17 14 7 2 6 19 14 7 12 6 13 7 5 8 17 6 2 15 8 15 2 5 9 18 8 4 2 20 14 3
2 17 9 14 19 20 0 15 3 11 3 20 17 8 17 11 16 6 2 18 2 12 14 18 19 20 3 6 5 4 6 1 7 11 17 17 2 16 6 17 16 17 6 3 14 1 2 18 9 7 1 12 2 8 11 10 13 15 14 16 18 1 5 1 5 15 10 15 17 8
6 7 19 8 3 5 17 0 16 11 15 18 12 14 18 7 10 11 8 16 15 1 1 7 13 6 13 6 10 6 18 12 6 5 3 5 14 2 8 2 13 10 1 16 1 14 2 5 18 13 4 10 1 13 6 18 15 5 20 16 17 4 16 3 13 5 14 15 14 1
16 12 5 20 10 20 16 11 0 16 1 5 13 20 12 7 19 9 4 14 13 9 15 6 6 2 8 17 18 4 14 13 14 12 2 6 18 5 13 8 3 13 8 14 20 2 5 12 17 7 12 14 14 16 18 16 10 11 10 18 5 14 1 8 16 10 2 3 7 11
20 9 17 20 11 7 6 14 18 0 12 9 19 1 10 20 12 10 20 5 11 16 20 5 1 4 11 7 13 4 2 17 12 18 18 6 10 9 10 19 5 4 9 6 3 6 8 5 18 13 18 16 10 4 7 4 13 6 4 14 10 7 10 14 12 2 3 1 14 10
12 16 18 7 10 18 15 4 16 18 0 12 3 1 8 16 9 1 15 20 8 17 11 9 20 14 7 18 9 8 10 1 6 5 13 6 6 2 1 17 9 13 14 5 15 3 2 5 14 5 18 6 7 7 12 18 9 7 17 15 13 9 20 13 14 19 10 20 8 15
10 20 7 2 12 8 8 10 2 19 20 0 13 15 13 18 9 8 9 3 4 7 7 18 9 9 13 6 16 7 2 8 18 3 13 8 7 2 4 17 17 5 16 16 17 5 17 13 10 1 7 13 20 12 4 12 13 15 3 13 17 2 17 10 3 4 17 20 15 6
14 3 18 12 17 15 6 17 11 17 15 10 0 11 6 4 7 10 19 9 16 3 12 1 9 18 7 3 19 20 10 17 5 5 8 3 4 11 12 15 7 2 17 11 18 5 6 18 14 20 10 15 3 15 6 20 16 20 19 9 11 10 7 7 11 18 17 18 19 15
8 5 4 13 9 13 10 17 19 1 7 4 12 0 19 4 2 15 11 9 5 17 12 13 15 19 9 4 1 20 15 11 6 6 3 9 7 16 3 18 17 6 3 13 4 17 13 13 10 9 10 4 8 7 8 19 11 11 14 17 15 4 13 12 18 3 13 1 19 12
18 6 15 20 7 6 13 15 1 7 9 8 2 17 0 10 10 20 1 10 17 8 13 13 20 20 19 10 10 10 12 14 12 16 20 6 13 13 3 3 11 11 17 5 15 15 4 2 16 2 4 18 11 17 17 3 18 4 5 9 15 3 6 9 5 13 7 10 18 4
14 6 12 4 18 7 5 13 2 10 6 17 16 5 3 0 1 16 2 10 16 12 12 5 16 6 6 20 2 18 19 16 15 7 19 14 8 16 3 6 18 9 9 17 2 5 17 17 11 12 14 1 2 20 6 19 14 17 8 12 6 12 7 17 2 4 18 17 14 11
4 10 16 16 9 18 18 20 2 15 20 8 17 10 9 5 0 18 18 12 5 1 10 13 12 9 9 1 11 6 12 19 8 15 16 2 10 5 10 10 16 5 18 14 4 6 2 1 12 4 4 3 4 5 11 3 3 10 8 7 1 15 5 2 5 12 6 18 5 18
3 17 6 1 7 6 14 14 6 16 13 14 18 3 13 1 9 0 4 16 16 8 19 7 6 13 13 20 10 10 2 6 8 20 16 1 20 2 9 20 7 12 13 2 10 3 10 7 2 1 10 20 17 12 4 4 1 20 8 9 2 17 15 12 19 13 17 4 1 9
4 20 7 1 3 4 20 8 18 13 13 12 2 14 19 7 11 13 0 14 13 8 6 17 16 3 13 7 11 15 12 2 3 5 3 5 17 5 3 14 19 16 12 1 8 2 7 1 15 17 13 3 1 11 15 7 16 13 12 11 10 11 16 5 7 16 7 6 17 15
19 5 9 15 15 9 5 20 18 5 5 9 2 5 19 19 17 9 8 0 6 9 2 17 15 3 5 13 8 20 12 20 10 15 12 14 13 14 5 20 16 1 1 17 6 7 10 2 19 16 12 8 6 16 8 3 1 20 11 20 10 5 15 11 15 11 14 15 5 18
1 9 2 4 7 3 4 7 17 10 3 8 12 2 8 12 13 5 12 16 0 18 8 3 13 1 10 3 11 15 8 3 20 5 12 4 6 9 7 9 4 10 13 1 13 9 1 11 1 17 17 9 17 14 15 14 2 8 12 12 19 6 18 1 9 19 9 7 4 6
2 5 9 8 9 10 5 20 4 13 6 17 1 1 1 16 7 5 16 3 13 0 11 14 12 4 1 18 11 13 18 11 9 7 13 5 20 16 16 6 1 9 10 20 16 2 16 13 5 14 2 17 14 6 3 1 8 1 6 6 2 4 12 18 14 19 18 18 5 2
3 1 6 3 18 12 19 17 16 1 2 9 14 8 20 19 11 11 5 17 18 8 0 19 11 16 1 8 13 19 3 18 10 8 1 11 6 3 18 8 3 3 4 12 14 6 5 19 7 9 13 6 11 20 2 7 4 18 13 13 4 2 7 17 4 5 5 11 16 16
17 10 13 14 19 19 3 18 8 8 13 10 12 4 4 10 12 3 12 18 10 2 20 0 1 18 3 11 1 13 7 13 7 11 16 16 11 2 18 5 5 13 12 12 3 8 18 15 8 20 9 20 13 11 17 5 14 3 6 4 15 11 13 8 10 7 16 3 9 18
8 1 17 1 3 6 3 2 13 13 14 8 9 8 1 19 3 20 14 6 1 4 6 6 0 13 20 11 16 15 12 17 8 5 1 13 8 8 17 4 10 15 9 3 12 3 11 14 15 14 19 4 20 1 8 13 10 8 2 3 12 19 11 19 19 3 13 12 14 13
5 10 2 19 5 8 15 14 6 11 11 18 13 12 1 10 9 10 6 8 9 20 18 12 11 0 10 10 10 13 1 3 10 12 5 1 9 4 20 9 12 11 19 11 11 10 11 17 1 7 12 17 14 20 11 18 3 17 19 7 16 15 19 13 13 10 11 5 12 17
15 5 13 12 15 3 20 12 4 13 12 5 13 3 10 11 14 14 2 12 15 10 19 18 20 19 0 13 17 8 20 8 6 14 8 13 5 16 12 1 5 1 20 10 11 13 5 15 15 17 19 15 14 5 14 13 7 1 15 16 19 2 10 5 6 15 16 10 16 13
9 6 14 5 14 16 15 15 1 6 13 2 1 18 12 9 18 13 16 16 8 3 10 7 6 5 4 0 16 5 3 20 8 12 15 3 20 6 2 3 20 3 15 10 17 2 3 16 20 8 6 16 15 15 2 4 9 4 20 2 4 14 10 1 12 16 9 9 5 16
15 4 5 2 12 12 8 9 10 15 11 6 14 15 4 13 18 12 6 11 8 10 2 15 13 11 6 5 0 7 16 8 17 5 8 3 3 19 20 5 9 20 1 15 11 13 4 10 15 11 14 20 11 4 8 10 6 20 12 5 18 3 2 8 6 4 12 18 19 2
19 8 2 18 2 18 14 13 2 1 7 13 20 13 4 11 3 9 19 1 2 14 12 4 7 1 15 20 17 0 19 11 4 16 13 18 5 18 19 19 7 15 16 8 17 2 11 5 18 18 10 13 13 19 9 10 18 9 7 9 5 11 18 2 10 5 5 18 14 1
1 7 11 3 18 3 10 1 17 12 20 18 4 16 4 1 3 20 13 20 2 7 12 10 18 20 18 16 7 13 0 4 18 20 6 1 12 15 14 1 8 9 20 15 3 15 3 4 1 10 7 5 6 2 8 13 12 1 1 12 4 15 12 15 11 4 13 19 7 20
14 10 8 7 10 4 11 12 14 6 11 9 3 9 19 3 4 14 2 4 13 4 4 13 12 5 7 13 2 13 3 0 13 1 20 6 18 18 15 15 12 18 18 8 1 15 1 9 12 5 12 2 17 7 4 5 19 3 18 8 18 14 1 13 1 10 18 8 6 17
17 13 8 19 18 10 20 12 6 5 20 11 17 11 12 9 7 15 16 11 9 19 11 2 19 7 17 5 16 3 19 19 0 4 7 2 2 11 2 8 20 9 11 15 1 18 7 2 1 20 13 5 1 2 5 15 17 8 20 11 18 1 9 8 5 12 13 17 3 13
8 15 13 3 3 20 14 3 10 7 10 10 9 14 6 11 15 10 3 4 7 4 15 15 16 8 19 2 8 2 1 15 8 0 8 2 7 6 17 2 19 19 17 9 13 20 1 7 4 6 15 13 6 14 8 5 2 16 5 20 15 10 1 13 12 3 3 17 16 17
4 10 15 5 16 8 19 17 18 17 8 12 15 17 10 13 8 3 4 18 15 9 18 17 12 10 3 18 4 6 11 13 16 13 0 14 4 10 12 8 8 15 1 2 11 13 15 20 17 1 12 11 14 2 11 11 19 11 18 18 9 7 17 14 11 9 5 6 17 15
10 15 4 20 1 15 15 15 1 17 2 15 13 1 8 2 2 6 17 7 5 18 7 11 18 4 15 6 9 19 12 16 3 20 6 0 9 4 7 6 18 20 14 10 3 3 3 10 13 16 14 14 5 9 2 13 15 6 5 9 9 4 8 14 16 17 3 13 3 2
8 19 4 14 6 20 2 2 3 6 11 15 2 16 13 17 8 10 4 14 16 20 11 7 12 7 14 12 6 1 18 1 8 13 5 11 0 20 3 4 8 6 7 19 17 6 6 2 3 19 1 18 15 10 11 13 3 4 13 7 10 9 10 17 14 11 20 16 12 11
19 10 14 20 18 7 18 11 13 12 3 1 8 15 13 18 17 12 2 8 15 18 11 11 1 5 4 8 1 10 19 1 1 12 10 11 3 0 13 8 7 19 6 7 2 1 15 17 2 7 14 14 17 10 20 3 3 3 12 6 5 16 11 17 8 4 3 9 13 2
16 15 2 8 1 11 16 12 17 14 18 6 20 4 16 7 17 4 8 9 8 19 19 7 6 15 6 2 8 3 4 6 2 15 16 16 16 19 0 18 19 4 14 4 10 12 9 16 1 16 20 12 3 6 14 8 13 18 17 19 7 3 17 13 20 15 14 2 17 3
17 10 14 19 12 14 3 9 15 10 4 10 15 16 3 4 9 3 2 11 15 18 2 8 6 18 20 6 4 12 11 13 11 7 12 12 5 16 5 0 16 1 10 19 12 8 14 8 13 2 11 3 3 19 20 13 14 4 16 9 1 10 5 17 15 20 5 6 10 12
1 20 7 14 16 4 19 15 2 15 14 9 19 6 1 18 18 2 7 7 11 13 3 10 6 15 16 3 19 15 7 17 8 20 12 19 8 2 14 5 0 13 8 7 9 4 18 13 3 4 7 17 7 12 12 3 9 1 3 5 13 1 18 12 11 11 13 8 10 19
13 9 16 19 7 16 3 8 14 10 12 8 11 5 19 13 1 10 13 14 13 19 5 18 6 11 3 15 14 15 10 11 14 19 20 5 7 20 13 18 15 0 3 18 16 7 15 4 2 1 13 2 7 3 18 9 2 14 9 1 10 3 19 20 15 7 4 16 9 19
18 14 3 15 13 19 17 8 8 20 10 13 15 2 7 9 19 16 6 18 2 15 11 7 13 14 8 7 16 18 5 13 13 4 18 8 6 17 6 2 12 3 0 9 13 8 14 12 1 5 4 3 7 9 5 9 17 11 9 13 9 1 2 5 15 18 1 7 13 1
17 1 20 10 9 16 9 18 20 15 11 6 15 9 10 3 5 18 10 19 6 16 14 16 6 11 19 10 7 20 20 16 4 8 19 16 17 4 15 9 14 1 19 0 3 9 14 12 5 5 17 8 8 5 19 5 18 1 6 16 5 11 20 5 8 12 11 19 3 6
5 14 1 4 18 9 4 2 1 20 4 18 9 10 20 4 8 15 4 12 8 2 9 20 2 9 17 3 8 7 11 5 20 15 5 5 4 2 15 15 3 20 7 18 0 2 12 15 17 20 18 8 14 11 7 19 4 6 8 12 6 4 12 16 5 12 7 5 8 6
14 10 18 8 1 19 17 2 15 11 3 20 12 2 20 16 15 13 8 2 5 11 15 4 20 19 5 17 14 14 18 17 17 10 2 17 18 14 9 12 6 6 17 7 6 0 19 14 13 17 13 8 1 14 18 10 7 6 10 3 18 13 14 13 18 6 9 3 17 13
14 5 15 20 7 5 2 10 13 9 13 6 8 17 9 5 12 8 1 8 8 17 16 20 16 15 10 4 11 2 20 6 3 5 19 7 13 9 12 12 18 20 19 17 16 10 0 1 17 1 3 5 14 6 5 15 17 4 9 12 18 10 19 11 19 9 17 1 19 10
19 16 4 4 8 7 1 13 18 2 11 16 13 3 14 10 14 15 5 2 13 11 12 18 13 16 1 4 16 2 18 5 13 11 12 12 14 19 7 14 4 16 9 15 7 15 3 0 1 6 17 13 4 15 8 2 8 5 1 11 20 3 14 10 18 17 6 6 2 17
7 9 6 5 14 7 1 6 6 1 4 8 16 15 15 3 2 20 2 7 5 14 13 5 13 3 16 8 3 3 3 10 9 1 14 6 3 5 4 14 7 17 1 20 16 20 6 18 0 17 17 14 4 1 11 8 12 10 18 5 13 8 20 4 17 9 14 9 4 7
16 10 13 14 11 2 3 15 5 2 16 16 11 2 18 6 14 16 8 19 9 18 1 17 7 3 11 13 17 17 20 13 16 19 12 9 14 20 10 3 14 11 1 6 9 6 8 19 20 0 8 18 1 10 17 18 10 7 5 18 16 5 5 4 19 8 9 14 20 13
6 3 8 5 20 6 9 17 10 7 16 6 9 13 12 13 18 17 7 18 3 1 20 5 7 8 11 9 17 19 5 20 8 5 7 19 9 5 9 1 19 2 8 2 20 7 5 15 13 3 0 18 16 12 3 20 10 19 2 5 15 20 11 20 10 13 11 17 12 2
16 6 12 18 3 1 19 16 1 17 1 5 7 7 13 20 3 2 19 11 6 7 7 5 13 6 13 6 2 20 10 10 14 19 17 5 7 16 5 18 19 10 20 15 6 8 6 18 17 6 13 0 7 1 14 16 18 7 8 17 17 9 17 6 1 19 4 4 18 7
17 19 3 20 13 10 6 18 15 1 6 12 15 10 11 8 11 18 7 16 5 17 10 18 20 2 3 14 5 11 4 20 7 9 6 10 16 4 16 17 6 3 17 7 1 16 18 20 10 14 13 1 0 6 2 19 9 19 16 3 2 19 6 3 5 10 8 3 8 8
9 10 6 6 2 17 6 8 9 18 4 3 7 12 14 15 16 2 3 16 15 10 17 3 1 14 6 20 4 5 18 16 8 19 5 1 17 18 20 5 5 10 14 20 1 16 9 6 20 1 11 7 11 0 6 17 14 13 2 11 18 17 3 10 6 8 6 2 17 13
12 1 6 6 17 5 15 4 6 1 18 11 19 14 14 6 17 8 2 9 3 16 13 10 10 5 11 15 20 13 10 2 2 6 10 17 3 1 8 20 8 7 11 3 1 9 11 11 15 2 13 16 2 6 0 18 14 10 12 1 16 10 5 1 6 18 7 16 5 20
8 13 13 14 13 3 10 16 8 3 18 18 14 14 7 8 4 5 6 18 15 2 10 11 19 6 7 11 3 7 12 5 9 17 15 18 9 20 12 16 11 17 3 5 14 4 6 13 6 15 3 3 1 13 3 0 17 12 20 3 2 16 15 12 11 5 14 8 15 17
8 7 8 3 7 1 6 7 13 17 19 10 16 14 6 8 12 8 16 16 15 3 8 13 17 4 17 2 18 9 10 2 9 3 1 10 2 2 18 2 9 10 12 4 8 9 12 15 6 8 5 19 3 2 2 18 0 19 6 20 20 9 10 1 11 3 5 4 17 17
15 19 6 15 9 13 10 12 8 17 16 14 15 3 2 5 3 1 7 15 13 18 1 10 18 13 2 3 1 14 1 16 10 17 1 5 6 15 2 6 7 6 5 19 12 8 20 20 6 12 10 20 19 2 3 18 18 0 5 6 7 11 1 14 4 12 20 10 6 17
5 12 3 6 9 9 4 9 6 3 1 18 11 7 8 3 10 14 4 15 2 4 11 14 15 12 16 10 8 8 14 5 19 11 18 2 4 3 14 13 15 20 5 11 4 15 10 9 7 19 12 14 19 18 2 14 12 17 0 20 6 11 19 12 12 7 4 4 11 6
14 5 14 10 15 2 2 4 6 9 13 19 7 17 19 14 19 7 17 5 18 7 7 15 4 20 4 13 8 3 14 10 12 2 4 18 10 13 18 18 8 5 5 13 20 10 10 14 12 1 19 18 8 16 1 11 18 9 17 0 17 6 1 17 15 16 8 20 15 8
20 4 3 11 14 10 1 3 13 19 20 15 16 2 10 20 10 14 20 7 9 19 5 12 8 9 4 18 20 16 14 9 7 8 6 3 20 5 14 3 9 20 8 11 3 4 15 13 19 11 7 6 20 4 10 3 5 2 7 9 0 4 9 20 15 10 18 10 16 6
10 6 5 2 12 1 19 4 15 19 18 4 7 3 8 7 15 4 14 8 13 2 8 1 9 14 5 10 3 10 10 9 11 17 5 4 16 12 14 16 1 10 20 13 6 9 17 12 2 14 14 19 19 18 5 14 7 16 15 19 14 0 1 14 2 9 14 7 17 3
11 14 4 8 4 6 2 16 1 5 14 8 7 13 16 5 19 1 7 9 10 11 11 19 4 1 19 2 10 5 2 5 18 7 14 5 9 10 3 2 15 7 1 1 18 16 9 7 4 6 7 3 3 11 12 1 13 1 10 5 9 16 0 20 12 18 8 1 19 16
17 3 15 6 12 9 11 20 18 6 20 6 17 18 6 7 14 19 11 6 15 15 13 4 6 8 15 14 12 13 13 4 5 13 15 15 14 5 17 16 12 19 15 9 5 15 1 10 20 20 4 1 8 15 8 17 17 19 20 19 6 4 8 0 6 2 17 20 5 3
1 17 7 16 3 8 1 3 3 5 2 13 1 4 7 14 17 19 5 2 9 8 17 6 8 11 5 7 8 16 10 2 1 8 14 12 19 4 1 2 4 15 16 7 7 19 6 11 6 19 16 1 3 1 19 11 8 10 17 12 19 14 13 3 0 20 16 4 16 12
6 8 9 18 16 3 11 11 7 16 17 9 8 8 2 18 9 4 1 18 18 10 12 11 15 16 7 14 10 7 20 18 19 18 12 12 2 4 11 20 4 20 19 2 2 12 15 15 19 16 3 12 6 14 14 7 16 18 18 9 4 19 10 17 7 0 4 15 16 17
6 19 11 10 3 10 3 3 5 1 13 8 18 7 19 4 19 15 3 12 16 15 3 13 15 4 15 11 5 19 9 8 17 13 9 17 4 1 6 5 12 10 6 6 1 2 15 14 15 16 4 18 8 2 12 5 5 3 16 9 14 18 9 20 12 12 0 13 11 4
9 13 19 18 9 16 16 10 6 16 19 9 20 12 20 5 13 18 5 1 7 7 17 12 7 12 13 8 1 19 2 4 15 15 1 20 8 1 2 17 17 6 7 13 9 10 16 4 4 17 14 14 18 13 19 14 19 16 4 6 12 7 16 17 3 12 7 0 11 1
17 16 11 3 15 11 16 11 6 2 19 6 4 19 5 9 12 1 7 5 8 19 14 3 6 15 9 20 5 3 9 4 20 16 5 18 1 14 3 10 18 6 5 15 6 12 6 11 6 7 3 13 5 11 17 15 19 11 8 4 20 1 16 8 14 10 8 9 0 8
11 12 9 8 16 17 5 5 15 20 10 10 7 16 15 19 11 19 4 19 4 2 5 10 8 2 20 8 13 16 8 7 2 7 20 8 2 15 14 6 12 15 17 6 15 18 10 5 9 9 11 3 9 4 16 7 19 9 15 17 13 10 8 19 4 7 19 2 12 0
