50
0 9 20 19 20 10 15 16 20 17 19 10 5 14 10 3 16 1 18 20 14 13 1 1 1 17 5 7 1 12 19 5 5 3 4 1 9 13 12 10 15 18 2 3 4 17 3 10 14 20
3 0 11 1 10 4 11 14 10 1 7 19 8 5 20 20 11 2 10 20 5 5 8 15 18 17 4 14 11 18 18 8 18 7 10 15 13 15 19 9 5 5 15 13 15 8 2 17 4 17
3 18 0 17 5 8 10 9 5 5 4 16 6 10 19 11 20 20 15 8 3 7 18 14 16 1 18 10 14 8 8 16 11 20 15 6 9 4 6 4 20 6 20 16 12 16 18 7 17 4
5 4 15 0 9 7 19 3 8 17 20 16 4 8 2 9 16 2 19 10 9 10 17 15 20 1 12 16 5 12 15 6 3 2 10 8 6 20 18 19 10 8 4 13 13 8 7 1 15 4
7 10 1 6 0 5 3 19 17 11 16 5 5 14 19 18 10 18 5 9 3 15 12 11 19 13 1 4 16 18 13 7 19 10 13 8 7 15 8 18 1 8 10 18 7 7 12 7 1 12
12 9 1 3 5 0 20 3 7 17 20 7 19 17 19 11 7 2 7 13 4 14 20 12 6 11 6 9 20 17 9 15 9 5 15 8 3 7 20 10 6 18 7 18 20 2 15 11 8 11
7 4 18 8 16 5 0 1 16 3 6 5 6 5 11 8 19 4 20 4 5 2 18 5 1 14 4 8 5 16 3 4 10 17 11 1 11 4 16 6 8 8 12 16 9 9 18 9 7 14
12 14 8 7 18 15 19 0 12 17 8 20 18 5 14 16 13 2 6 16 16 7 4 11 16 1 15 3 3 11 16 10 20 14 3 12 5 16 12 1 12 14 15 17 11 16 5 19 7 5
16 11 19 14 7 1 11 16 0 8 18 20 12 9 13 14 17 13 14 12 16 14 7 18 19 5 2 12 8 15 8 19 11 11 16 7 2 14 1 19 19 10 6 20 17 4 1 9 10 20
4 11 18 2 16 19 9 18 16 0 1 9 1 19 7 8 19 9 16 8 8 8 1 20 6 18 5 12 17 8 4 6 20 5 8 13 19 17 6 18 19 15 6 7 15 1 2 17 12 15
12 9 8 8 13 9 4 14 10 4 0 2 20 3 9 10 12 18 11 16 16 5 14 6 14 19 11 14 8 9 1 6 11 3 20 13 17 12 3 6 14 16 4 6 14 20 11 9 6 17
1 17 3 16 8 1 7 12 1 20 19 0 19 7 12 17 19 14 5 12 8 2 13 11 3 1 5 12 3 10 5 16 13 4 8 9 8 8 14 9 3 12 18 19 11 18 17 8 12 3
10 11 16 2 20 5 15 19 12 9 13 11 0 4 4 9 20 5 18 17 9 17 3 10 3 13 20 9 19 19 20 8 5 4 16 11 6 5 5 18 10 20 16 11 8 1 13 19 5 9
17 9 19 14 2 13 16 6 14 6 13 16 10 0 20 18 14 19 5 5 15 15 13 10 8 4 12 4 17 18 14 7 1 15 8 12 11 15 10 15 4 16 1 12 20 5 1 15 9 10
7 7 7 8 12 10 18 17 16 10 6 10 1 14 0 11 14 20 17 17 9 12 14 18 4 9 5 1 14 8 3 18 10 17 10 1 11 12 9 5 9 9 7 5 3 2 2 19 13 15
11 10 2 13 3 15 20 11 2 16 7 16 17 2 1 0 13 12 5 15 7 6 15 5 20 14 13 7 20 10 2 5 15 8 7 18 10 6 1 9 19 11 11 11 4 5 14 18 17 9
13 3 15 3 20 15 16 15 18 14 5 19 5 7 17 10 0 18 6 9 11 9 2 20 1 16 4 2 15 18 18 4 4 20 17 11 7 7 4 11 18 13 5 10 19 13 15 13 18 18
15 8 2 14 14 3 9 3 13 12 16 9 4 10 11 12 2 0 5 11 20 1 16 12 14 19 4 2 2 15 6 10 17 16 16 3 19 4 4 12 11 10 3 5 16 6 14 8 15 10
3 12 18 6 13 12 11 3 16 4 5 14 4 13 10 20 16 5 0 5 16 4 17 8 14 1 18 19 12 18 11 10 6 11 12 17 1 12 11 10 16 8 8 15 13 1 6 6 15 15
4 7 4 9 11 10 9 7 8 17 17 19 3 19 5 17 2 7 9 0 1 17 16 17 3 16 11 19 15 9 11 7 12 7 5 8 17 4 6 5 13 10 19 6 11 6 14 7 9 8
13 4 10 6 2 17 7 15 13 9 12 18 7 18 7 19 13 3 3 6 0 20 4 16 9 19 10 4 8 14 14 9 3 5 9 8 5 3 18 3 14 4 11 7 12 8 10 3 13 9
14 11 8 17 5 11 5 5 2 3 14 11 5 18 7 18 8 10 1 18 16 0 18 9 17 10 16 6 10 4 12 8 10 6 17 4 5 10 19 9 19 4 18 6 9 17 3 3 6 20
16 2 9 4 3 2 2 15 20 4 11 19 17 4 14 12 20 2 19 12 16 4 0 9 7 19 6 4 9 18 2 10 20 11 11 1 20 11 11 6 18 17 5 14 17 11 11 12 5 12
7 5 17 14 7 19 13 8 12 10 18 5 17 14 16 12 13 15 14 3 15 1 7 0 2 15 10 13 8 3 7 9 18 10 18 3 17 6 17 13 9 18 20 9 13 13 3 2 3 6
14 10 16 9 9 18 18 15 4 7 20 9 16 4 13 12 12 8 6 4 1 11 6 6 0 11 9 20 10 9 8 3 13 1 10 5 3 7 3 15 6 19 11 2 4 15 18 5 9 14
16 15 9 18 14 19 19 2 16 10 10 16 19 12 14 7 11 1 8 9 1 2 4 6 14 0 14 2 3 20 19 17 7 15 18 15 18 19 17 11 4 6 20 12 5 9 3 6 18 5
6 9 1 16 20 13 14 13 9 11 6 3 9 11 1 1 2 15 1 17 14 1 1 12 15 14 0 6 11 13 10 4 2 5 14 20 16 10 20 19 19 1 2 11 14 17 10 20 13 16
9 8 8 19 10 15 10 14 20 6 7 9 16 20 6 18 2 16 17 12 19 4 4 17 7 17 6 0 19 16 2 2 13 17 8 17 11 10 12 9 2 13 3 4 5 16 18 10 8 15
9 6 3 1 1 18 14 17 3 15 8 16 9 5 4 10 14 12 16 13 14 1 20 3 10 14 18 5 0 4 8 17 7 8 14 10 15 7 4 6 14 2 2 10 19 10 8 1 12 16
10 1 15 6 15 15 15 12 20 8 5 1 12 17 15 16 9 2 11 20 6 20 20 3 5 4 12 6 14 0 7 20 15 5 3 20 19 18 4 8 1 18 20 6 19 3 1 13 7 19
4 2 1 1 15 2 20 12 10 11 2 17 4 3 12 1 8 5 8 2 2 11 11 7 16 8 4 12 9 8 0 9 13 20 6 2 7 8 19 2 15 3 1 3 13 19 3 18 10 10
4 8 3 12 2 7 12 15 9 8 2 17 17 4 3 11 12 20 6 1 15 7 5 9 5 4 11 10 6 17 10 0 3 15 5 20 8 16 17 4 8 8 15 10 1 3 6 14 6 16
11 14 19 11 2 20 2 3 7 6 9 10 12 3 15 5 7 11 4 9 3 15 13 3 10 3 17 11 2 15 1 5 0 9 8 12 10 11 1 13 10 15 7 19 20 10 9 2 15 19
3 19 9 14 19 7 14 10 12 17 5 18 4 17 14 2 9 4 7 15 17 3 19 18 3 18 11 14 9 2 17 11 17 0 3 6 4 8 6 14 8 11 4 6 16 2 10 13 7 20
6 20 6 12 7 11 10 13 5 19 4 17 13 15 4 5 7 14 16 3 16 2 5 13 7 12 15 10 11 9 14 12 11 11 0 8 11 7 2 11 1 4 9 6 14 6 20 1 14 10
8 4 13 8 20 13 16 17 3 1 1 15 19 18 13 13 15 9 18 4 2 9 3 16 17 11 4 4 10 14 20 18 19 4 19 0 4 7 20 19 18 7 20 1 18 12 6 1 16 13
18 13 5 7 14 6 10 6 6 8 5 14 2 1 5 12 9 16 6 15 10 18 7 2 4 11 16 15 12 17 1 19 7 6 3 10 0 2 6 16 16 6 2 19 4 4 12 10 15 19
18 18 15 9 11 5 5 2 16 17 18 11 10 12 1 10 1 11 7 3 19 5 15 20 18 7 19 11 19 7 1 9 2 16 19 10 16 0 13 3 14 12 11 12 17 1 8 10 17 5
17 20 5 3 8 12 18 18 11 14 4 6 13 5 17 15 2 5 11 8 11 10 19 16 19 8 16 1 10 18 17 8 11 15 12 18 13 11 0 20 12 15 5 3 12 5 9 10 4 2
17 11 13 5 18 5 19 13 2 18 15 2 18 18 9 5 7 5 6 17 11 17 1 10 11 6 5 17 11 9 5 13 5 7 4 11 4 11 15 0 14 7 8 6 5 9 14 14 8 11
16 19 13 3 9 8 20 6 9 4 18 12 8 12 6 10 7 7 4 6 16 3 6 19 4 10 5 7 8 1 8 17 6 14 17 1 16 3 10 2 0 1 11 4 17 1 4 20 4 3
8 12 9 6 3 11 16 1 6 8 16 5 10 13 19 5 20 20 17 5 4 14 2 6 14 9 5 10 2 11 14 15 20 20 5 15 1 11 16 15 14 0 11 7 10 7 1 14 17 18
20 3 9 13 14 1 7 11 13 3 4 1 20 13 12 16 13 16 8 14 8 15 10 15 16 17 20 12 16 16 11 15 14 8 6 13 18 8 16 14 20 4 0 4 9 9 18 13 20 11
6 8 7 14 20 19 8 7 5 16 9 17 7 11 2 15 5 20 2 7 18 7 11 19 5 12 6 20 13 17 15 14 14 8 9 11 8 8 14 15 9 13 6 0 11 15 1 11 15 7
12 16 7 2 12 11 20 9 19 17 6 19 4 12 2 13 10 5 3 11 4 10 6 7 18 12 10 11 18 11 7 11 9 1 14 8 18 14 12 7 10 9 9 12 0 8 20 4 17 11
1 1 11 8 20 14 11 10 15 8 5 4 16 16 10 19 13 14 4 6 17 12 12 3 1 9 9 8 5 10 19 13 16 1 11 1 1 5 15 15 13 5 6 19 17 0 7 9 18 6
13 12 16 13 16 12 11 7 14 16 11 11 6 19 17 17 14 9 13 11 4 9 11 3 18 8 14 9 1 12 14 19 17 9 17 2 9 18 15 9 4 19 15 6 2 1 0 10 12 13
1 12 4 18 7 1 5 5 8 15 14 8 8 19 18 8 20 16 16 4 17 4 5 13 4 7 10 8 16 11 10 2 9 6 17 2 1 3 11 8 9 11 4 7 15 3 20 0 8 13
4 15 12 17 5 12 7 14 9 8 11 13 16 4 5 12 18 12 3 10 13 19 13 16 9 6 17 11 18 12 14 4 15 15 10 12 18 12 7 3 4 5 1 5 15 11 19 8 0 4
18 1 15 12 15 14 1 9 11 6 2 13 8 13 20 7 6 11 7 17 6 8 14 18 14 20 10 11 19 11 20 18 18 12 17 7 3 17 19 4 2 8 11 12 6 10 3 7 14 0
