30
0 12 5 11 17 18 7 12 5 15 16 15 5 1 7 18 17 19 16 17 19 5 6 5 7 3 9 5 1 7
11 0 10 8 17 6 5 10 17 4 3 20 11 17 12 10 5 2 1 15 9 9 16 13 6 6 2 11 18 16
6 2 0 5 18 14 5 18 8 19 20 13 17 10 2 9 15 20 17 5 10 11 5 8 12 4 14 6 3 5
11 2 3 0 3 14 15 5 5 18 15 19 16 8 13 7 15 19 3 8 10 11 9 8 14 10 20 9 3 4
5 12 6 5 0 15 9 16 5 17 16 8 1 13 16 16 12 10 7 10 8 13 17 14 9 12 11 5 1 6
9 20 6 6 20 0 17 15 19 8 2 19 9 11 15 13 17 15 3 8 15 19 10 17 17 8 5 14 18 5
8 13 6 14 1 9 0 17 1 5 19 4 14 7 3 3 5 14 13 14 13 6 14 20 6 1 12 12 20 11
15 19 10 5 5 4 5 0 2 6 9 4 20 19 17 8 15 12 11 2 3 7 17 18 15 8 12 8 9 13
9 1 9 1 4 13 2 6 0 5 6 7 1 16 10 8 10 10 19 3 1 3 2 17 19 17 16 13 4 3
12 2 6 18 6 14 15 7 12 0 18 11 8 4 15 2 11 17 17 18 4 4 12 20 4 16 13 7 12 20
10 10 15 14 11 9 20 11 11 20 0 7 1 1 20 16 17 12 6 11 12 3 2 14 19 1 18 1 8 7
20 13 11 13 5 15 5 17 11 8 12 0 4 12 8 2 20 3 17 5 9 9 9 1 13 16 8 5 1 3
12 16 13 9 12 11 16 10 7 3 3 13 0 20 9 6 10 10 5 20 4 2 12 12 4 5 20 9 11 12
9 8 6 4 9 12 4 4 6 13 18 8 18 0 15 17 3 1 12 3 15 4 2 10 19 4 11 1 4 14
1 9 5 20 11 2 2 17 10 7 20 16 2 3 0 5 6 9 19 11 6 15 3 13 6 9 10 6 4 11
7 11 16 1 8 7 13 10 16 15 7 1 15 16 11 0 2 10 8 5 14 10 2 9 14 13 9 10 17 6
20 3 17 6 9 19 8 13 4 15 17 1 10 6 5 1 0 2 13 20 20 19 20 20 20 19 1 8 8 13
10 20 1 3 18 6 12 17 6 6 10 12 17 11 8 10 19 0 14 3 8 16 12 8 19 6 9 18 1 1
15 7 3 2 15 17 13 1 11 2 8 1 9 14 1 11 2 3 0 10 4 1 10 20 4 11 3 11 6 3
8 13 15 13 4 6 2 17 9 11 9 10 16 3 7 1 8 18 5 0 18 3 13 10 8 5 4 9 17 5
8 19 14 5 13 6 1 7 20 1 14 4 20 20 9 7 17 15 2 4 0 9 7 2 20 19 4 12 20 11
17 14 12 13 5 4 20 9 20 12 5 17 2 13 6 20 12 11 1 8 10 0 13 9 2 6 18 5 17 4
16 2 16 14 2 6 3 2 15 2 10 8 13 5 5 13 10 3 12 15 5 4 0 14 11 11 9 15 11 4
17 18 19 18 4 18 6 1 12 4 18 5 5 16 6 3 18 10 10 1 19 12 2 0 13 10 8 19 9 6
4 15 2 18 18 11 18 1 13 20 20 14 3 3 6 3 8 8 2 14 5 11 14 6 0 6 9 17 14 18
9 9 8 19 3 13 11 19 20 18 3 1 15 19 5 7 16 19 17 14 11 5 5 20 1 0 19 6 3 5
19 10 17 4 5 12 20 9 10 3 20 17 11 13 2 13 12 1 11 15 1 1 19 3 18 2 0 14 13 7
8 3 6 11 12 6 13 9 20 13 3 18 9 20 7 15 19 15 17 19 20 1 2 10 5 12 19 0 1 5
17 2 16 20 11 12 18 4 2 8 16 1 12 19 18 6 10 17 14 20 18 7 16 10 5 20 11 2 0 8
8 18 16 7 5 15 12 10 11 6 11 10 2 2 13 5 4 17 4 3 5 8 8 13 1 10 6 16 20 0
