55
0 13 20 13 10 19 20 7 11 10 14 4 13 6 11 5 12 16 1 12 8 8 2 11 12 7 15 12 15 17 8 4 19 17 11 19 5 8 3 19 8 17 9 13 18 3 7 7 5 2 2 3 5 7 1
3 0 19 10 5 17 17 2 16 7 8 1 11 14 20 10 13 9 14 3 20 10 5 9 6 7 12 13 10 20 9 8 1 9 12 19 20 1 10 19 19 4 17 12 11 4 18 1 8 8 20 3 13 11 8
3 1 0 19 1 17 18 2 3 13 16 18 11 8 6 8 10 14 4 5 15 13 3 11 2 17 11 2 16 16 19 5 12 17 19 10 8 3 15 1 18 1 11 6 9 20 7 5 16 7 18 15 19 15 17
5 11 7 0 19 9 8 10 5 1 1 5 4 10 7 20 9 17 2 8 5 3 9 15 17 2 11 18 12 16 12 5 1 5 4 9 15 16 14 10 16 7 20 6 15 7 15 10 11 13 8 16 10 1 14
9 8 14 4 0 10 6 1 10 14 19 15 6 11 15 20 2 20 3 4 13 9 11 18 19 14 20 1 12 8 9 17 20 10 11 8 5 8 11 13 10 18 1 15 2 4 16 11 2 11 9 5 16 5 1
1 5 20 12 14 0 15 19 5 18 17 6 6 9 1 2 5 20 16 16 3 13 2 14 19 20 9 2 1 7 13 14 18 2 15 19 15 8 4 19 15 11 2 2 5 2 7 7 2 4 8 14 14 13 7
2 18 6 19 16 18 0 14 8 5 6 10 8 8 8 7 13 10 20 14 6 10 10 3 3 15 1 15 19 12 12 15 8 20 8 19 18 19 16 4 2 4 7 18 19 18 6 20 7 3 2 9 16 20 12
6 17 8 8 20 1 4 0 18 16 11 6 15 6 13 16 16 12 4 3 20 14 16 7 20 2 6 16 1 13 1 19 11 4 4 11 8 2 6 12 16 2 11 17 14 20 11 10 9 3 12 19 9 4 15
13 1 5 3 9 7 13 4 0 7 15 2 13 10 3 16 19 20 8 20 3 1 12 6 16 1 10 7 6 19 10 11 7 18 9 10 7 20 16 19 2 20 12 19 5 18 13 7 1 7 1 15 12 10 11
10 19 6 2 8 6 7 10 13 0 15 11 7 19 4 17 1 20 10 13 6 3 15 9 11 10 16 3 5 12 1 10 19 6 13 4 10 4 9 10 19 9 4 8 16 7 15 9 20 3 7 15 9 3 6
19 6 14 6 16 2 16 20 9 2 0 12 17 13 10 14 14 2 18 3 10 15 20 15 19 2 18 18 9 3 10 8 9 9 17 19 12 5 19 10 9 11 6 10 16 2 6 12 20 18 8 14 10 9 17
15 16 2 2 18 15 10 12 14 18 18 0 2 20 9 7 3 11 16 16 13 7 17 10 2 4 8 1 10 4 10 18 10 7 10 19 1 8 18 5 3 16 9 18 2 19 11 1 4 14 4 2 17 16 11
10 5 8 5 2 18 8 16 17 10 4 15 0 5 20 6 3 1 9 14 13 7 17 4 4 17 4 12 19 13 15 6 16 20 14 18 5 9 6 8 14 19 18 3 12 14 7 18 4 2 15 14 16 20 19
4 14 17 4 4 16 10 7 12 6 11 3 4 0 2 4 11 19 18 18 5 13 17 2 9 10 14 14 7 6 6 8 5 10 10 16 7 9 12 7 4 3 17 11 6 4 11 13 20 1 12 12 9 7 19
16 9 19 2 14 11 3 4 9 13 9 15 18 9 0 1 8 20 10 2 4 3 7 18 9 19 20 8 15 1 13 7 14 17 14 14 11 4 1 12 4 9 13 15 4 6 20 3 3 9 17 5 19 2 6
13 1 20 7 13 20 16 5 10 18 5 4 5 12 20 0 20 10 18 6 10 6 9 9 6 15 10 9 11 13 19 9 18 4 7 8 3 2 19 17 12 18 20 1 6 17 15 1 2 14 12 7 13 18 5
9 1 13 12 13 1 10 7 7 12 4 14 16 18 11 9 0 3 6 19 12 2 6 15 11 15 12 1 17 8 13 4 13 16 17 20 11 2 1 12 20 16 16 2 14 15 5 6 9 9 8 12 6 3 10
12 6 15 7 8 9 15 12 20 7 12 6 2 4 1 2 6 0 4 17 14 3 16 4 17 5 18 19 14 6 7 2 15 18 8 1 19 14 3 8 18 6 20 8 12 14 7 4 7 20 8 3 19 18 11
1 9 13 1 6 6 17 2 9 16 10 3 9 16 19 13 11 16 0 1 4 6 11 16 1 11 3 12 19 14 8 11 6 14 14 20 14 13 15 20 6 3 19 7 16 3 8 8 8 3 10 11 5 12 8
9 17 5 8 20 8 19 11 7 4 4 3 4 16 18 6 5 7 20 0 1 20 17 19 18 17 16 20 16 8 20 19 2 13 13 15 19 1 5 9 15 20 4 9 11 7 5 3 13 12 19 14 15 6 17
19 6 18 5 1 20 11 8 8 14 10 2 10 17 3 9 8 17 17 1 0 4 19 13 11 1 10 16 6 4 13 11 7 8 2 3 6 3 1 11 8 15 16 8 17 13 19 12 3 12 17 11 1 19 10
2 9 10 2 5 7 3 19 18 11 20 13 16 5 7 1 18 8 15 7 4 0 11 7 8 12 15 1 18 13 15 19 3 19 12 14 15 12 1 13 5 11 17 11 1 8 12 17 20 18 14 20 3 13 8
16 17 17 9 12 19 9 8 12 4 7 17 7 13 9 6 11 8 14 16 17 16 0 2 14 1 14 11 4 7 15 5 19 14 19 4 17 2 7 2 7 14 11 13 19 3 5 7 17 6 19 9 11 16 1
2 3 12 11 18 12 11 3 8 20 14 10 8 3 15 3 18 14 3 14 1 16 18 0 6 10 17 12 9 8 3 14 17 11 16 6 6 16 20 20 13 14 13 2 20 18 16 14 15 18 1 13 11 3 6
11 1 15 6 15 13 20 18 8 4 12 16 18 7 5 19 4 14 9 5 18 11 2 14 0 3 8 9 12 18 16 8 15 4 14 14 16 8 13 20 13 9 4 1 17 4 2 20 10 8 14 18 17 15 14
11 19 17 6 3 12 6 19 9 19 17 3 6 4 6 15 1 14 5 17 16 9 5 14 1 0 19 2 13 15 12 20 14 19 17 11 12 1 12 12 6 13 14 5 8 19 4 18 12 6 5 9 14 17 6
20 4 11 9 10 9 2 11 2 11 8 2 9 14 9 15 18 17 13 9 7 10 15 17 12 4 0 1 5 13 16 11 2 1 10 1 15 15 14 18 16 10 20 10 7 15 6 10 12 18 17 19 12 5 14
13 7 3 2 9 5 19 17 7 10 14 20 14 7 1 3 11 12 4 19 18 12 10 1 15 19 20 0 16 19 1 9 9 5 5 18 5 14 20 15 16 16 18 10 14 5 3 16 2 12 3 1 9 12 19
16 3 7 11 3 18 6 19 9 12 10 3 19 2 18 1 17 17 17 19 1 10 6 14 6 13 2 7 0 11 10 19 14 9 16 4 19 11 20 14 8 11 4 20 8 16 15 8 14 18 9 12 4 13 2
8 7 10 20 5 9 8 6 1 15 14 10 16 8 7 3 20 7 1 13 16 9 4 4 10 6 8 15 10 0 5 13 14 2 16 15 6 7 11 14 6 13 13 5 14 11 10 15 14 18 12 14 11 12 15
12 9 16 4 2 1 16 1 8 3 14 16 1 6 17 1 5 13 7 9 18 5 7 15 5 19 12 12 7 4 0 13 4 14 9 19 1 12 18 8 9 16 16 6 9 9 17 3 4 13 12 1 3 7 13
5 6 6 4 7 7 2 15 16 12 10 6 12 20 11 10 1 2 14 4 8 7 1 20 3 17 13 13 20 13 5 0 13 17 8 17 5 2 5 13 13 16 6 20 2 19 20 9 14 10 3 13 15 11 6
10 19 6 8 10 16 20 11 2 7 2 6 13 8 18 2 20 12 4 10 3 9 1 5 3 20 19 16 8 9 2 18 0 13 5 1 17 9 18 7 1 11 2 2 17 1 5 4 17 15 4 1 1 18 5
13 4 13 8 4 8 17 14 7 19 13 16 3 1 6 11 9 10 6 18 10 5 3 5 3 17 20 15 11 16 20 16 17 0 7 17 7 3 7 4 2 5 18 20 12 12 5 10 6 15 14 14 8 10 7
19 6 4 6 7 19 4 18 7 14 18 16 7 18 1 2 16 8 2 11 15 13 5 17 16 8 8 17 15 6 13 19 9 20 0 19 4 17 2 3 18 4 4 18 20 2 14 17 14 6 14 11 16 7 18
1 18 12 10 12 7 9 17 3 18 10 6 1 4 8 14 8 5 14 3 13 7 2 15 10 14 15 20 6 5 1 4 4 1 8 0 2 6 9 7 20 3 14 16 4 19 18 17 1 19 13 2 14 7 9
16 2 1 9 6 11 14 8 17 5 1 11 18 18 7 11 11 12 8 3 12 18 18 11 10 6 17 13 14 7 15 15 16 20 14 2 0 18 20 8 1 3 1 2 5 5 16 18 15 14 5 13 9 12 6
14 12 4 10 13 1 20 11 9 7 11 19 13 2 8 3 16 7 13 20 14 15 14 20 7 15 1 15 16 7 16 4 19 8 17 7 15 0 3 11 6 18 7 5 13 20 10 14 8 2 8 3 20 3 7
2 5 15 3 10 20 14 5 17 10 12 15 16 9 17 14 5 5 12 17 1 1 3 4 20 18 8 13 19 11 19 20 11 2 5 1 10 10 0 11 2 9 17 8 7 7 7 10 1 9 20 10 11 3 18
17 13 4 8 4 11 19 2 13 13 19 10 20 12 14 20 20 2 20 18 18 12 10 2 9 10 15 7 11 12 5 6 8 4 19 5 2 5 3 0 10 15 3 6 17 16 2 17 12 19 8 18 14 3 6
4 18 16 8 16 6 1 6 11 20 16 19 12 14 20 6 4 11 2 16 14 1 20 13 6 19 10 6 11 9 2 20 5 15 17 3 16 1 11 9 0 4 17 8 7 10 4 9 18 5 18 11 7 15 6
20 3 1 1 12 8 14 15 4 13 4 12 20 19 12 2 19 13 5 19 15 3 3 10 3 1 13 6 7 18 4 11 11 15 9 5 15 1 7 20 6 0 3 4 16 4 18 1 15 3 15 11 10 14 3
6 16 17 16 10 1 12 20 14 15 11 14 20 2 18 13 20 20 16 7 5 10 12 4 1 6 4 17 20 14 1 12 14 8 11 16 16 18 8 19 6 8 0 13 3 17 16 6 20 5 13 10 20 10 3
5 4 18 4 16 1 3 2 19 4 1 13 19 12 9 17 17 19 1 3 14 20 7 1 14 5 16 13 8 14 1 20 14 17 6 5 18 11 11 7 15 4 14 0 9 18 5 11 1 20 1 5 9 13 16
18 14 15 14 8 14 14 20 1 17 16 15 17 5 19 10 4 18 5 18 17 9 19 19 2 10 6 10 18 18 18 19 15 16 9 6 10 19 19 16 18 7 13 14 0 10 13 15 18 10 3 5 16 15 8
19 12 11 17 10 5 15 13 18 7 3 16 11 6 13 10 15 7 5 14 14 11 13 4 7 6 20 4 5 15 15 19 5 14 3 1 16 15 1 17 4 6 9 16 6 0 13 16 6 11 4 2 8 5 19
19 3 12 10 20 6 10 15 2 13 3 17 3 15 11 1 17 12 19 9 3 5 4 17 13 14 15 4 19 16 15 19 15 11 17 17 11 1 19 11 19 13 3 16 16 1 0 16 6 7 19 12 2 7 17
7 12 15 12 15 13 8 3 12 6 6 11 12 12 14 14 18 11 11 19 3 14 7 13 10 10 8 12 18 15 7 11 19 2 4 15 14 12 16 12 16 5 12 14 10 20 1 0 14 5 14 5 10 12 19
10 5 12 16 11 16 20 4 6 8 15 18 7 5 3 1 20 13 4 10 11 13 18 12 6 19 12 1 9 4 1 9 7 1 4 20 20 10 18 12 4 1 2 7 1 3 16 2 0 11 3 7 20 15 2
17 1 6 12 6 19 3 8 2 5 18 8 17 18 1 15 16 10 8 3 10 16 16 12 7 14 15 7 19 5 13 10 20 14 11 4 13 7 18 12 2 14 15 11 16 17 9 13 17 0 17 2 5 18 18
6 15 20 10 16 13 15 19 12 1 6 7 16 15 9 16 10 1 8 4 5 6 8 6 12 4 2 20 3 2 2 19 15 9 4 16 14 5 10 15 16 17 3 15 4 19 18 8 9 3 0 8 6 7 9
6 6 9 19 16 15 18 11 1 16 3 8 12 13 15 12 17 19 20 8 1 10 13 11 12 20 15 17 11 19 6 5 7 17 5 16 2 15 16 2 5 4 3 18 6 16 14 20 18 4 5 0 16 16 2
10 3 3 17 12 20 14 5 4 7 17 7 4 2 2 15 15 18 3 5 7 2 20 1 17 5 13 2 2 11 9 19 5 13 17 4 14 18 14 15 19 15 3 16 2 2 16 15 8 2 16 18 0 15 10
14 15 18 13 20 5 3 17 12 2 19 5 1 18 5 20 8 17 6 4 13 9 9 2 19 14 6 5 19 19 15 1 14 7 7 19 8 4 10 17 2 9 13 19 11 9 16 10 18 12 16 19 4 0 8
18 9 13 8 3 16 14 10 7 8 9 2 9 9 18 14 12 12 9 4 7 17 17 16 4 12 14 18 11 16 2 12 6 10 9 8 13 2 18 19 8 9 3 1 16 2 4 6 7 18 11 13 8 19 0
