45
0 5 16 16 9 2 10 11 6 15 4 8 10 10 15 11 18 8 3 15 8 18 12 3 1 11 15 13 7 4 2 12 8 19 20 9 8 8 17 1 8 9 17 9 1
9 0 12 20 7 19 13 12 8 12 8 19 8 17 1 13 12 12 1 6 6 16 18 10 2 8 20 13 14 12 9 12 5 14 11 14 11 3 9 7 16 18 3 7 20
18 11 0 17 14 5 4 11 5 13 10 9 11 9 10 20 17 20 9 14 5 20 18 1 15 12 6 14 9 19 13 11 3 9 19 2 13 2 4 8 17 11 17 6 10
10 5 2 0 5 17 15 14 6 16 3 16 12 14 18 20 4 2 19 12 13 9 11 6 4 12 10 3 3 8 13 4 15 7 7 12 19 20 9 7 5 9 13 19 10
11 20 7 11 0 3 12 5 3 6 20 8 12 10 1 19 2 4 7 1 8 5 20 13 5 8 18 6 13 5 5 14 20 2 12 11 1 1 3 11 14 14 5 19 11
11 12 6 3 18 0 7 3 11 4 19 17 20 2 16 14 17 19 11 5 6 13 11 4 15 16 12 4 6 10 15 13 4 6 7 5 14 4 12 6 5 14 20 11 12
12 11 20 9 10 17 0 13 20 7 11 2 10 19 6 5 16 3 16 8 1 12 11 12 18 5 7 3 11 10 20 8 16 5 16 1 15 11 2 17 6 4 2 6 1
6 10 8 9 11 12 17 0 8 10 12 17 6 11 9 9 14 5 18 2 17 12 9 7 1 1 6 16 5 20 8 6 7 18 6 6 5 2 3 17 3 15 20 7 8
12 4 6 19 7 8 13 13 0 3 12 17 6 20 11 8 5 12 17 10 10 11 9 2 7 3 4 8 20 10 12 8 18 17 7 11 16 17 15 18 3 16 2 14 14
4 16 13 15 8 9 17 16 11 0 19 18 8 13 20 2 1 12 14 19 10 20 8 4 7 18 12 4 5 19 4 17 19 8 20 19 9 16 17 11 10 7 15 2 14
11 8 17 12 6 6 6 20 2 17 0 19 7 17 14 1 16 17 15 6 19 6 1 18 7 5 4 6 6 19 11 11 15 8 11 17 20 19 11 5 7 15 10 16 1
12 18 14 20 13 19 18 20 19 5 15 0 10 19 17 7 3 12 8 5 20 16 12 15 2 6 2 18 13 19 2 16 5 3 14 16 18 18 1 14 17 3 2 7 20
12 15 18 15 17 19 12 2 20 18 11 14 0 13 18 2 12 5 2 7 18 8 10 20 2 11 9 16 11 7 1 4 19 13 5 20 7 15 14 2 20 19 6 8 3
5 2 15 7 7 10 4 4 5 5 17 20 16 0 16 7 12 4 4 10 7 18 17 5 15 6 15 13 9 9 5 20 16 15 20 5 14 17 16 3 1 3 20 8 20
7 6 7 15 13 7 15 9 5 4 13 1 8 10 0 16 5 16 10 14 8 9 19 16 6 3 3 1 13 15 14 16 15 9 19 7 20 7 2 12 11 9 8 6 13
19 16 15 4 8 17 12 19 17 10 14 7 3 13 19 0 3 7 16 1 2 3 5 7 11 19 10 19 3 18 19 2 18 17 4 9 10 5 18 4 18 10 12 16 11
12 9 15 15 6 11 1 19 1 16 3 10 16 2 19 18 0 16 14 1 18 6 11 4 6 12 5 3 11 2 5 13 15 8 6 14 12 2 20 6 9 10 2 12 10
10 14 16 5 2 13 4 12 5 16 8 4 6 7 8 17 8 0 12 1 4 13 15 3 19 9 15 13 17 13 7 9 6 13 3 2 17 12 15 4 10 17 11 5 19
7 12 12 16 18 16 10 4 20 18 6 16 1 3 16 2 10 8 0 6 13 7 9 11 20 9 7 20 2 8 17 4 18 7 5 9 10 5 16 5 8 11 14 14 19
5 9 3 6 6 17 11 8 12 10 14 14 9 13 15 12 1 2 8 0 11 16 8 2 16 11 17 3 9 18 8 2 18 1 1 12 20 9 16 19 1 18 12 10 7
5 1 15 15 8 13 9 11 15 14 12 10 13 6 5 6 17 12 10 1 0 20 2 14 11 15 8 10 12 12 14 10 17 10 7 19 12 4 5 2 18 3 17 4 13
17 16 19 12 5 13 4 18 20 3 15 1 9 15 11 17 2 17 20 10 18 0 2 9 9 9 5 15 13 13 7 12 10 5 19 1 19 5 2 18 2 9 3 17 3
14 4 2 20 5 15 9 8 3 3 14 12 18 19 3 3 18 20 7 5 9 14 0 5 4 14 14 3 5 16 13 14 2 16 14 14 11 15 7 2 5 1 10 17 16
12 16 17 20 4 12 7 19 12 14 12 15 16 17 13 4 1 6 8 20 19 14 2 0 20 5 6 4 19 10 19 7 17 8 13 11 6 2 4 8 20 12 17 4 8
8 18 4 14 17 6 17 15 8 13 7 14 8 1 6 13 2 14 1 9 9 18 8 9 0 9 12 2 12 19 3 20 12 17 2 14 19 14 10 17 14 6 9 20 8
13 13 16 17 9 2 3 6 12 12 3 14 11 1 13 4 19 8 13 19 7 18 13 8 10 0 16 15 2 14 17 2 12 13 15 3 10 6 14 19 10 5 2 17 12
18 9 2 12 12 1 9 9 15 12 2 14 20 14 14 9 11 19 12 13 5 8 20 6 9 5 0 12 11 16 5 12 13 13 10 11 17 2 20 6 6 5 7 8 10
11 2 6 20 14 15 8 16 19 20 6 11 14 13 7 10 7 3 13 5 11 18 2 2 20 10 18 0 5 5 12 8 14 1 7 18 15 7 7 6 12 11 3 1 10
18 11 12 20 9 7 10 18 17 15 19 5 4 14 11 10 4 13 7 9 18 7 15 12 15 12 11 10 0 16 10 18 3 15 4 3 8 14 3 15 10 12 4 15 17
4 3 12 17 16 19 10 11 2 2 20 14 8 8 5 9 11 14 14 1 20 18 11 20 11 4 13 16 8 0 9 19 11 12 17 20 2 17 11 19 11 7 5 2 10
13 10 7 15 18 14 1 17 10 17 17 10 7 20 18 12 18 12 14 16 8 1 14 10 1 12 13 16 5 13 0 9 16 16 14 14 11 14 17 5 4 5 4 6 4
17 9 2 12 11 4 8 9 7 13 11 8 8 12 20 12 19 13 7 17 9 6 19 15 13 3 13 17 4 8 3 0 18 7 14 13 19 4 16 1 4 15 18 19 4
6 9 5 12 2 9 17 6 11 2 15 5 14 3 12 14 7 13 10 9 2 7 8 6 20 12 13 20 15 19 8 8 0 2 4 3 15 16 3 8 9 16 15 19 1
17 20 17 10 3 5 6 14 8 7 5 6 18 15 12 18 2 9 3 9 12 6 16 19 11 7 14 5 3 5 16 5 18 0 17 8 13 12 6 16 16 19 7 4 19
5 9 16 11 7 11 4 3 19 16 12 18 15 12 1 18 2 18 4 12 13 18 4 3 16 12 11 17 8 10 8 5 7 4 0 1 7 4 16 6 16 15 10 2 8
20 18 13 18 1 12 15 5 18 9 1 6 20 3 9 3 6 20 10 6 18 1 18 1 19 1 1 2 16 3 4 10 10 9 10 0 5 12 15 19 10 9 19 1 19
14 7 9 13 7 20 5 18 5 6 20 10 8 6 6 6 12 1 4 5 16 20 11 18 16 7 4 3 10 19 1 5 14 11 16 15 0 19 4 9 7 3 5 3 20
4 17 17 18 18 16 3 1 2 14 13 2 5 8 2 14 13 15 11 1 6 4 20 13 7 12 16 4 14 10 11 15 1 19 16 15 10 0 18 14 19 20 3 12 15
12 20 20 16 13 9 2 19 12 5 3 16 1 6 19 12 10 12 13 7 17 15 19 10 4 12 1 5 12 12 6 8 4 16 13 17 10 3 0 16 14 12 7 10 17
3 6 4 13 5 11 9 8 8 12 6 12 1 3 8 2 1 1 6 4 5 8 3 18 19 2 3 4 9 10 2 7 5 11 17 13 8 3 9 0 13 2 7 10 15
17 6 13 13 18 8 8 4 14 10 13 1 15 10 11 2 6 19 3 6 20 14 14 12 19 11 14 18 6 8 3 5 8 13 20 14 12 8 12 1 0 12 10 15 3
4 19 17 7 7 14 13 7 11 18 5 6 3 17 19 18 11 2 20 6 20 8 16 3 20 9 11 10 3 8 11 9 19 20 3 20 14 20 2 5 4 0 3 17 18
15 3 6 3 20 8 13 3 11 9 17 10 3 9 9 13 8 9 5 2 12 10 2 9 1 4 10 8 13 19 10 18 1 19 16 17 15 12 9 20 12 5 0 11 19
5 17 10 3 20 12 10 14 16 17 1 13 7 11 18 5 19 8 5 7 1 20 18 9 17 14 15 10 17 17 13 15 16 13 19 4 5 16 1 9 18 3 16 0 14
4 11 4 7 15 4 14 1 4 6 6 20 3 15 9 17 9 1 1 19 14 2 1 14 5 1 19 7 1 3 12 19 12 19 2 13 7 15 1 2 15 2 16 16 0
