25
0 8 12 8 12 18 17 20 4 6 20 3 2 16 14 8 4 1 4 5 6 5 17 14 13
18 0 1 20 3 6 17 8 20 13 7 8 17 11 12 16 15 4 6 6 17 18 12 19 20
10 7 0 1 13 19 14 8 2 12 19 14 16 18 17 9 9 20 13 4 4 6 5 10 15
15 20 8 0 10 8 19 10 11 18 3 14 16 14 15 11 18 5 10 18 13 11 8 3 9
8 3 20 19 0 2 14 8 18 14 9 6 5 19 15 12 7 17 16 7 11 7 5 12 17
8 20 17 1 10 0 13 1 10 16 3 4 20 10 13 3 4 14 6 20 8 2 2 2 7
20 11 11 8 13 4 0 5 13 6 14 11 6 12 4 4 19 17 4 20 2 13 19 7 18
14 8 10 6 14 7 15 0 10 3 18 14 18 18 1 16 19 5 14 4 17 2 13 1 11
16 1 4 5 12 17 14 20 0 13 14 8 14 1 7 10 7 2 6 15 1 13 13 18 6
12 8 4 4 6 13 7 19 3 0 20 6 16 1 14 13 2 14 17 15 20 6 6 19 10
4 19 19 11 18 1 14 4 14 8 0 7 5 9 13 3 4 8 18 13 11 20 5 14 15
1 18 11 9 20 10 12 17 15 19 12 0 17 16 2 2 13 2 9 12 18 15 1 16 10
6 13 17 16 6 18 15 9 1 18 3 19 0 7 1 19 16 4 3 3 3 8 20 9 9
16 5 4 9 11 9 9 3 1 5 19 8 8 0 3 10 13 5 8 6 20 10 15 3 18
10 1 19 8 16 3 4 11 5 1 14 11 15 19 0 18 9 18 16 4 9 3 19 8 10
4 10 10 3 1 19 18 10 10 15 2 10 8 5 9 0 8 19 12 17 15 19 11 13 1
8 19 6 15 2 10 2 5 11 9 1 1 19 11 20 1 0 3 18 15 6 18 3 19 16
3 11 16 19 13 3 7 1 9 20 5 5 7 13 13 19 16 0 19 7 11 5 1 4 3
2 20 2 6 6 8 13 1 8 10 15 4 11 7 2 12 2 13 0 17 5 15 15 12 15
2 3 9 17 19 14 6 18 2 5 13 3 9 14 10 18 11 15 3 0 3 4 3 2 12
16 14 17 12 16 2 2 5 1 11 1 8 10 18 2 14 14 3 19 19 0 13 15 8 17
5 1 14 2 12 20 7 12 17 3 18 14 16 11 15 14 19 3 2 20 3 0 4 18 14
19 12 19 12 18 16 14 13 19 11 2 1 10 19 10 12 8 14 18 3 7 10 0 10 4
12 6 18 2 5 17 9 3 2 13 16 8 4 5 14 5 20 20 18 16 14 11 9 0 9
7 8 6 18 15 9 9 8 8 5 20 1 8 13 20 6 5 3 8 18 15 4 1 3 0
