35
0 11 6 14 12 9 4 18 6 4 18 17 4 15 5 8 16 17 5 20 14 6 16 3 16 16 6 12 1 12 16 11 8 6 10
18 0 1 8 19 12 19 7 14 20 20 9 14 8 15 18 2 2 18 3 1 8 9 7 6 4 3 18 11 14 13 16 17 4 20
14 4 0 10 4 18 8 16 13 14 13 2 13 17 7 11 5 7 5 7 16 20 9 15 1 14 1 15 13 20 8 11 4 9 7
4 8 3 0 8 7 5 20 16 18 20 8 9 5 2 2 6 13 12 6 8 8 16 6 13 14 7 11 4 8 6 15 7 11 10
16 16 17 4 0 15 10 18 13 11 15 7 5 17 15 1 16 19 2 15 11 18 18 16 9 15 3 19 5 10 11 18 2 14 15
7 10 10 1 10 0 7 20 7 4 13 18 8 16 17 3 7 18 8 4 11 2 19 11 9 6 11 8 14 15 7 15 11 6 11
3 16 19 14 4 8 0 7 5 8 4 17 4 17 16 13 9 7 10 6 9 20 19 10 14 16 4 13 8 18 18 14 5 20 15
19 11 13 11 1 4 9 0 7 5 14 2 19 13 18 10 16 19 12 11 18 17 18 3 6 14 9 19 17 18 2 13 10 6 13
6 7 18 20 15 8 12 10 0 16 3 18 17 20 3 5 11 16 16 8 19 16 2 1 19 17 7 6 18 15 9 9 18 17 12
6 3 13 20 3 3 13 4 19 0 13 1 1 3 8 16 19 12 8 8 10 9 3 20 13 11 7 20 15 9 14 3 10 9 3
1 5 8 4 20 13 20 9 2 16 0 5 5 18 17 7 5 15 19 18 15 20 20 4 20 12 17 20 5 15 12 8 8 14 2
11 4 4 11 3 1 1 17 10 7 4 0 5 4 2 7 13 1 3 13 12 10 13 16 5 10 8 7 18 5 4 18 4 17 14
5 11 2 10 5 18 19 18 12 17 20 17 0 18 7 11 18 14 9 10 16 19 2 5 16 2 16 1 9 6 1 11 8 3 20
6 6 12 14 6 2 4 8 17 2 16 19 2 0 19 14 5 17 18 11 6 10 5 10 5 16 12 16 6 1 4 15 13 14 7
1 3 11 5 4 17 15 19 2 20 17 8 5 7 0 3 12 5 12 1 17 1 15 14 17 8 16 18 6 3 20 15 12 16 7
4 14 5 8 18 2 20 14 8 11 19 4 7 16 14 0 9 19 8 8 7 11 3 12 2 9 15 20 6 18 17 16 15 3 13
12 14 3 19 3 11 7 5 14 6 3 19 20 16 13 4 0 2 1 6 17 7 10 7 6 2 13 11 13 20 2 15 19 17 18
19 7 17 15 2 2 14 19 2 15 8 8 11 19 7 16 18 0 15 3 14 16 2 5 12 9 2 11 20 8 11 12 20 18 7
19 6 11 1 12 3 16 20 13 19 3 11 3 2 1 2 20 17 0 11 9 4 13 19 5 14 10 15 5 6 10 15 6 15 11
9 14 17 4 18 4 6 13 15 12 13 18 1 15 6 4 7 4 6 0 11 14 10 17 16 18 8 17 6 13 3 6 1 11 1
6 19 3 12 9 15 17 3 3 5 8 17 8 16 18 17 20 7 5 17 0 1 9 2 7 19 1 9 3 19 18 2 5 1 12
9 15 4 7 14 11 20 19 2 7 7 19 1 8 3 12 4 11 5 18 1 0 8 9 10 12 18 2 2 13 4 17 11 16 17
19 12 18 9 6 13 12 10 4 18 20 4 19 5 11 14 19 15 11 10 20 16 0 10 15 11 18 5 12 12 3 17 11 13 11
18 9 19 15 3 15 19 20 15 12 17 10 11 5 13 9 5 6 15 15 14 18 5 0 16 2 12 1 14 2 14 18 17 1 12
3 5 8 10 9 3 3 7 19 12 1 4 11 18 9 7 6 15 4 9 11 3 14 19 0 17 8 9 12 1 18 6 4 14 14
11 8 20 14 2 15 17 2 6 11 7 19 14 6 13 4 8 12 20 1 4 19 16 4 17 0 3 2 6 9 7 12 20 11 16
16 15 14 16 15 2 8 10 16 16 7 16 9 18 17 9 17 3 11 13 16 5 7 5 12 16 0 7 17 16 16 8 10 12 20
17 9 14 20 6 5 16 14 11 4 4 8 2 6 14 18 15 16 15 15 12 2 17 5 14 9 9 0 14 19 16 3 15 3 7
19 6 2 13 15 20 1 11 14 16 3 17 1 10 13 1 18 20 6 3 14 20 13 3 12 11 6 15 0 10 12 3 4 6 10
17 2 14 15 8 1 5 6 15 18 13 10 19 2 11 3 16 15 17 15 12 16 1 4 3 3 10 17 3 0 9 20 9 7 8
3 20 14 18 9 13 5 15 3 19 5 8 19 13 19 6 9 4 18 1 9 17 8 1 7 19 14 3 17 12 0 2 2 1 12
9 19 1 2 16 1 16 14 18 11 16 13 2 12 7 3 18 16 7 10 2 14 14 2 4 7 19 18 13 4 11 0 5 1 5
16 12 9 19 9 4 9 15 16 10 17 6 5 20 6 3 8 5 15 14 11 15 1 4 8 10 4 10 17 19 20 17 0 10 1
18 7 4 14 8 17 3 2 6 14 10 14 13 17 2 15 1 10 10 16 15 10 15 19 20 5 15 19 8 6 19 3 4 0 1
16 9 9 9 3 19 12 10 5 13 15 13 3 20 5 18 1 15 15 17 19 16 2 9 18 2 18 6 8 9 19 6 6 20 0
