35
0 13 1 5 5 9 7 20 9 11 5 15 19 5 15 18 15 3 14 5 8 16 10 14 20 1 9 5 18 19 4 6 12 2 20
10 0 12 17 14 9 1 19 16 1 3 13 18 1 17 18 10 1 20 4 1 14 3 20 8 7 6 2 4 1 12 1 12 12 20
15 3 0 7 18 12 4 7 10 2 17 8 2 19 4 3 5 20 4 11 18 10 13 9 9 6 15 19 11 5 9 19 11 15 20
2 10 12 0 7 20 2 7 7 13 14 11 6 14 19 13 16 15 6 13 11 5 3 15 1 18 18 13 10 20 13 10 14 14 3
2 6 4 1 0 2 5 4 16 4 19 9 13 9 17 14 9 6 2 7 16 15 14 15 20 12 8 13 7 14 1 3 10 9 12
13 8 8 7 15 0 17 15 14 19 13 7 12 19 8 10 11 6 14 17 2 2 5 15 20 12 18 7 11 10 18 5 9 20 14
14 19 11 13 10 2 0 19 9 7 11 20 3 5 11 17 8 2 1 5 2 16 3 8 6 4 1 17 6 3 8 16 1 6 20
4 12 14 7 10 9 2 0 7 10 2 16 7 19 4 14 15 14 8 2 2 6 18 4 7 6 20 13 9 2 8 20 17 3 14
20 14 3 10 13 18 5 4 0 15 14 6 6 20 14 3 7 9 12 14 9 10 11 4 14 4 19 3 19 19 1 14 14 10 10
1 3 6 13 14 17 1 19 2 0 8 3 5 7 1 17 4 20 12 16 15 4 3 9 16 19 5 19 10 17 4 1 9 7 3
9 18 8 11 5 20 6 7 2 3 0 9 7 10 14 5 5 14 20 19 6 8 6 20 17 19 14 17 2 5 12 10 5 3 9
4 1 3 10 14 14 11 7 17 4 4 0 1 15 20 12 16 19 11 15 18 1 17 7 19 15 4 18 19 9 1 1 17 7 10
2 14 14 18 12 4 2 17 12 14 18 18 0 12 1 2 15 18 4 20 18 11 6 3 18 11 16 4 12 16 2 4 18 14 13
18 16 16 13 14 11 9 3 4 3 10 4 1 0 19 19 1 9 8 1 7 13 7 17 13 16 3 15 19 4 2 17 11 20 13
2 18 11 14 6 2 8 4 13 19 7 16 13 8 0 9 1 16 15 2 19 11 15 6 15 15 6 3 6 1 20 2 6 1 4
12 18 16 10 5 3 19 6 14 17 20 19 5 2 1 0 14 6 14 6 12 6 2 7 8 8 20 4 15 9 20 11 1 20 10
7 14 2 7 19 3 19 17 14 6 3 20 14 16 14 20 0 10 10 6 14 8 1 4 18 13 14 14 3 15 6 8 10 6 16
15 14 9 12 16 8 15 2 4 3 17 3 20 10 8 6 2 0 8 19 13 7 4 1 12 5 19 5 19 18 7 3 17 14 9
4 7 11 1 2 10 7 14 2 18 10 12 8 16 18 18 15 20 0 13 11 2 17 5 5 11 12 19 17 5 12 15 1 6 17
3 4 4 5 10 18 14 10 11 2 4 2 17 15 6 16 19 16 5 0 4 11 6 3 13 10 11 3 8 14 15 12 8 5 7
20 5 16 17 20 3 8 18 12 16 7 8 16 14 11 11 6 10 10 9 0 3 20 16 11 8 20 9 11 14 15 16 7 15 8
5 3 3 9 11 7 17 2 5 5 16 20 16 5 6 3 15 13 19 4 4 0 13 10 2 13 13 19 13 15 10 12 15 13 18
11 9 18 19 16 6 19 13 7 19 17 15 17 1 3 15 13 15 13 16 6 5 0 7 19 3 17 19 14 14 9 10 6 20 12
15 13 18 13 13 2 8 20 6 12 10 1 15 13 9 13 18 3 1 5 15 9 15 0 14 20 15 7 15 13 2 18 9 13 1
5 15 7 12 9 16 20 5 12 19 15 19 3 10 12 4 6 16 7 14 6 10 8 3 0 18 13 6 4 7 13 10 1 13 10
5 20 5 2 8 7 5 16 20 6 7 19 4 13 5 9 4 9 6 18 7 3 8 11 5 0 2 13 11 15 8 1 14 5 16
18 8 19 17 2 16 19 13 10 11 1 19 5 20 18 5 5 5 7 7 3 5 2 13 18 11 0 15 17 8 12 3 13 6 12
2 18 11 10 1 12 16 16 3 17 2 8 9 16 3 13 8 1 17 19 10 16 7 6 3 16 11 0 17 18 5 17 14 14 7
5 10 20 18 17 10 4 11 14 3 3 5 14 7 14 1 4 9 6 20 8 11 6 17 19 12 15 12 0 19 8 5 20 11 4
20 2 5 9 4 18 17 15 9 1 1 10 6 7 8 6 9 1 17 17 20 6 13 7 13 7 15 13 11 0 9 8 18 4 17
4 5 10 12 2 19 17 17 7 8 6 12 17 19 1 15 7 13 11 7 16 3 16 13 11 8 14 3 19 6 0 16 5 14 5
6 13 9 13 3 4 3 13 5 3 8 7 17 5 13 8 3 14 16 11 16 20 7 16 12 6 6 3 3 11 9 0 12 14 4
19 15 3 4 13 16 5 4 15 9 14 12 7 5 16 20 13 8 3 20 1 18 13 16 7 14 1 14 19 18 9 17 0 9 8
8 12 3 5 18 15 4 13 4 11 12 18 19 4 9 17 11 16 13 3 2 18 17 7 9 8 19 19 15 18 11 14 18 0 3
5 6 3 7 9 3 14 8 16 8 4 10 11 20 17 3 7 6 11 18 18 18 16 15 19 2 2 9 5 17 14 9 1 6 0
