50
0 18 17 19 11 7 1 4 10 13 6 15 1 20 18 7 10 7 12 13 2 17 10 15 14 16 5 7 7 6 14 16 20 15 14 19 11 8 3 11 5 14 15 9 16 1 15 5 2 5
19 0 14 13 3 13 13 1 3 4 4 18 16 19 7 10 13 7 3 14 2 10 2 18 9 2 11 18 11 13 7 17 15 4 9 17 5 20 19 13 2 7 2 1 3 12 5 10 6 18
17 5 0 20 11 10 5 20 3 15 10 13 5 13 2 16 14 4 7 2 20 1 7 13 10 13 19 6 16 8 5 18 17 17 13 12 12 5 19 9 5 13 19 18 3 2 11 16 12 9
4 4 15 0 8 11 2 1 7 15 9 11 16 1 16 10 14 7 17 14 2 4 1 5 19 6 5 7 5 8 15 17 19 5 13 4 1 13 17 1 8 15 17 3 11 12 20 11 7 4
5 2 8 17 0 1 15 7 8 18 1 6 15 1 19 10 19 4 7 8 3 19 1 18 17 10 11 5 16 17 11 15 16 17 8 7 2 4 4 6 6 13 18 13 11 6 3 20 7 5
17 13 5 10 16 0 10 1 10 17 2 13 20 9 10 20 13 20 9 15 18 16 9 12 9 1 4 9 16 10 15 2 12 1 18 11 15 2 13 3 19 6 20 12 17 15 18 13 19 1
10 20 2 18 17 9 0 8 9 5 5 6 12 16 16 20 6 11 4 17 13 3 4 8 16 20 18 5 4 12 17 15 2 2 13 13 6 12 15 5 17 8 4 6 19 10 16 8 9 1
17 14 12 2 13 1 10 0 2 13 17 11 3 8 1 14 18 5 11 12 8 2 7 9 3 2 19 7 3 16 7 10 17 5 17 2 4 20 8 9 18 19 19 16 2 7 13 7 11 10
3 13 14 6 9 3 7 18 0 6 19 5 16 17 9 6 14 15 5 14 3 11 10 2 11 3 18 5 16 10 12 12 16 10 19 2 2 7 11 2 15 13 20 1 13 10 7 8 12 4
3 19 17 18 1 12 7 18 15 0 14 17 3 5 1 13 20 13 11 12 17 6 8 13 3 1 14 14 10 15 6 12 14 1 8 13 7 11 2 13 15 2 2 18 10 1 5 7 13 2
11 6 18 18 3 15 10 15 4 5 0 20 19 6 18 5 3 14 3 18 16 11 2 16 11 10 15 6 8 9 1 13 5 15 8 6 2 5 6 10 7 2 16 5 14 3 18 8 2 5
8 10 18 2 19 10 16 3 10 11 8 0 6 10 19 19 7 13 16 14 8 7 2 1 18 2 1 19 3 6 18 14 10 20 3 2 3 16 1 2 13 10 6 5 4 6 15 2 5 2
5 12 7 6 18 9 20 11 18 2 13 7 0 17 6 16 20 2 17 16 9 2 4 20 5 20 19 17 7 4 3 4 4 14 19 6 16 20 4 11 20 10 4 1 11 9 20 7 9 9
14 16 11 15 12 9 19 10 11 20 20 18 19 0 12 13 9 1 3 10 15 13 5 20 18 15 18 20 15 3 18 1 4 4 11 5 16 5 16 16 10 11 19 4 7 10 5 5 1 18
5 2 6 11 3 11 9 5 17 14 13 20 19 17 0 7 7 2 19 19 6 13 14 20 16 10 8 12 2 17 17 13 3 9 18 17 5 8 20 13 19 20 8 3 19 15 20 1 16 19
5 5 6 14 9 15 4 8 16 19 7 10 8 15 17 0 1 15 1 2 17 20 12 1 13 11 4 7 11 3 15 10 12 17 13 9 10 7 11 3 12 8 1 15 1 16 6 11 16 8
20 4 19 6 7 7 11 13 7 1 8 18 1 2 9 5 0 15 2 13 14 2 12 20 4 17 3 2 17 11 18 6 11 10 9 9 2 2 17 2 4 19 8 6 17 11 20 16 19 9
20 12 15 18 3 14 1 8 9 12 10 14 17 16 13 10 15 0 15 1 12 18 14 18 8 3 2 9 13 16 12 19 15 2 9 5 4 5 9 15 3 19 9 3 18 11 1 14 12 19
8 20 19 13 10 6 20 19 2 12 6 2 20 19 15 19 17 19 0 14 8 20 8 4 3 16 6 11 6 19 5 8 11 6 11 14 6 17 17 1 2 3 14 20 8 3 14 13 1 16
2 6 9 4 10 5 1 2 1 13 19 13 16 18 10 14 18 13 1 0 16 20 20 14 2 8 11 2 16 2 18 10 1 20 8 6 15 12 2 9 7 4 8 18 2 17 17 1 9 12
11 4 4 20 3 16 7 5 9 13 19 19 6 18 16 14 14 11 3 14 0 5 11 16 5 2 20 14 6 13 19 9 7 11 16 5 18 6 13 15 13 4 18 14 11 8 7 2 18 3
17 13 8 1 7 8 20 16 7 12 12 3 7 18 13 2 18 2 6 18 17 0 9 18 11 10 2 1 5 4 4 5 18 7 11 16 1 8 19 1 18 18 19 6 6 17 13 16 18 4
7 11 13 11 19 8 6 9 6 9 7 13 16 8 19 9 15 6 7 17 14 12 0 5 11 11 6 7 2 16 10 6 18 14 6 15 1 14 16 10 4 11 19 15 17 18 5 7 17 15
2 9 14 1 5 18 14 18 2 3 14 18 16 2 3 19 7 3 7 6 4 7 4 0 19 14 8 4 7 5 17 8 14 15 12 14 11 11 20 20 4 5 17 5 16 18 11 7 12 7
1 4 20 3 4 11 18 14 12 13 7 6 4 18 19 15 18 17 17 4 13 12 13 18 0 13 8 11 15 5 4 4 18 16 4 15 14 20 11 2 4 17 1 9 2 5 14 18 1 9
6 1 10 16 8 6 17 3 9 3 19 17 15 5 7 15 6 19 5 14 2 20 5 5 4 0 10 5 15 18 15 12 3 10 7 12 15 19 2 8 4 3 14 5 18 4 5 1 13 20
5 6 20 6 19 14 17 13 11 5 18 1 2 18 14 16 5 9 10 6 11 7 11 9 5 10 0 20 12 1 2 19 8 7 15 16 20 17 12 14 5 5 11 13 13 2 11 18 18 18
17 1 4 10 8 9 2 14 16 7 19 12 7 18 8 6 13 17 19 20 2 5 20 17 13 5 2 0 3 4 3 1 14 6 3 8 17 13 16 1 19 10 2 20 1 17 10 8 8 13
3 4 5 12 16 10 13 15 10 5 1 13 16 11 5 8 16 9 1 4 7 8 15 20 10 3 13 12 0 18 12 14 10 1 19 10 15 2 8 17 19 10 2 4 9 9 19 9 18 9
13 10 2 4 14 6 8 5 13 2 6 20 19 8 14 2 18 1 10 8 15 19 11 15 18 9 9 8 15 0 12 11 7 13 10 13 14 20 3 16 5 8 12 18 1 10 14 7 7 18
5 18 19 6 6 9 17 4 18 3 11 15 14 14 14 9 3 16 1 10 14 7 19 13 13 16 1 3 14 11 0 13 6 8 10 2 8 8 7 14 18 14 20 12 20 11 13 3 3 17
13 20 17 14 6 14 3 4 16 20 14 11 5 5 16 13 13 13 16 9 16 17 1 5 3 16 11 9 18 8 8 0 16 5 3 13 7 10 11 7 17 19 6 11 15 8 10 7 18 1
11 6 16 4 18 10 1 14 16 3 7 3 13 2 6 12 5 11 15 8 4 1 19 14 12 5 13 12 16 18 12 8 0 17 17 20 11 11 13 19 20 5 4 3 12 9 1 5 14 3
8 11 5 18 18 10 6 12 7 1 1 2 11 10 13 8 9 14 15 9 18 20 19 10 13 11 14 2 2 14 17 12 12 0 16 8 15 16 2 15 20 20 4 3 5 11 5 12 4 19
15 11 3 2 5 17 1 10 15 6 5 5 20 7 9 14 2 11 15 5 7 7 7 14 3 18 8 16 7 13 7 7 7 8 0 16 11 14 20 13 15 3 2 16 5 6 13 9 4 10
9 9 19 14 3 11 1 7 12 6 1 12 20 17 5 19 7 12 8 18 18 10 1 4 16 18 8 5 7 14 4 14 8 1 5 0 16 14 18 20 17 12 15 5 8 18 4 14 4 19
18 18 6 13 18 11 16 13 18 4 1 11 7 16 4 15 10 2 9 13 8 7 3 17 6 16 20 8 7 1 15 9 18 10 16 7 0 14 10 17 15 8 11 12 18 19 15 12 16 6
1 19 7 1 18 13 8 1 1 2 1 10 5 12 5 3 6 15 7 14 1 11 3 18 19 12 4 18 10 11 8 1 20 10 9 1 2 0 15 20 6 9 6 19 16 4 2 17 17 13
2 2 6 18 6 12 12 9 14 6 20 6 1 17 16 20 12 4 13 11 7 9 16 20 19 3 10 12 7 11 2 5 11 16 9 3 3 8 0 5 10 14 6 10 5 6 7 13 19 19
10 6 7 9 5 14 16 14 19 11 4 18 20 2 8 10 2 12 4 9 12 14 2 4 6 3 11 16 10 14 19 17 11 13 10 9 20 9 9 0 1 10 4 2 18 7 16 7 3 3
2 2 13 19 19 18 7 13 2 20 12 15 9 19 5 17 12 14 18 10 9 11 15 17 3 9 16 11 19 15 3 6 12 15 1 11 6 6 7 20 0 12 3 17 12 18 14 11 8 2
1 10 9 6 3 17 14 20 5 8 6 1 18 13 11 4 3 6 13 10 3 16 13 20 2 1 16 11 18 15 12 8 19 7 15 18 8 12 5 11 5 0 11 2 19 18 16 4 14 14
9 17 2 13 1 17 3 19 18 12 5 6 12 8 6 6 13 12 6 16 7 15 1 2 9 15 14 13 7 20 8 16 10 11 17 8 10 14 2 16 14 2 0 3 17 6 10 12 20 12
7 19 12 4 10 16 12 8 12 12 16 2 19 2 12 15 2 16 15 2 11 6 17 14 8 3 10 5 11 12 10 11 11 5 17 17 1 12 15 3 6 1 2 0 10 4 6 5 2 16
1 4 8 1 9 20 8 19 4 20 14 13 4 7 2 19 8 2 18 3 9 3 19 18 3 9 15 4 5 3 15 14 18 6 15 6 20 15 2 11 16 2 10 13 0 16 10 14 19 4
13 10 7 13 8 18 9 14 19 5 6 12 10 4 20 15 10 4 12 3 16 16 3 10 15 12 13 14 14 16 5 12 12 19 16 5 11 16 5 7 7 7 11 5 10 0 14 11 11 19
9 15 17 17 9 4 15 18 15 1 5 1 12 13 3 17 6 16 17 11 10 2 16 6 12 1 15 18 19 15 3 15 20 1 10 12 5 9 19 4 10 13 3 12 1 16 0 13 15 10
16 17 16 9 17 15 12 4 19 13 5 4 9 19 20 5 2 4 16 10 1 18 19 6 18 1 11 8 12 20 15 17 14 6 10 12 6 9 20 14 8 9 9 19 19 10 18 0 15 14
14 3 9 5 15 5 15 17 12 11 5 10 11 15 20 15 1 19 17 4 2 20 4 5 18 3 4 14 18 4 3 7 17 20 16 18 1 9 20 20 5 16 6 14 13 8 15 11 0 7
17 4 10 5 13 4 12 18 7 2 11 16 2 3 15 7 20 10 1 4 14 13 13 19 13 6 16 2 18 11 18 19 1 16 10 9 16 18 15 4 3 8 5 10 12 6 5 11 11 0
