45
0 6 14 14 4 10 9 2 15 7 6 9 20 12 13 4 12 13 5 18 10 10 12 13 13 13 11 19 9 12 19 5 19 3 1 16 14 17 7 8 3 18 4 13 4
2 0 12 3 5 13 10 5 17 1 18 13 6 13 3 15 13 3 15 12 4 16 12 7 8 6 14 14 2 8 16 12 14 18 10 6 2 17 10 14 19 10 10 3 17
17 13 0 20 19 9 20 5 2 10 2 14 5 10 1 6 8 11 17 2 1 10 2 9 11 16 2 12 6 4 4 12 7 13 16 17 14 12 20 12 17 5 2 13 12
12 1 5 0 5 6 6 7 8 4 16 20 4 9 18 7 2 11 5 1 5 20 15 14 1 10 12 20 20 1 7 16 7 3 5 4 12 9 8 7 5 3 7 3 16
18 9 12 17 0 3 17 5 15 15 17 13 7 12 18 14 19 2 4 3 1 7 8 17 20 19 15 13 20 14 20 10 17 4 11 20 17 5 8 6 17 14 5 13 16
19 11 20 7 14 0 19 1 17 18 17 7 16 7 15 14 1 2 19 15 8 4 4 4 9 4 9 5 6 18 6 5 16 3 7 13 5 2 16 1 1 5 10 15 15
10 19 9 16 6 8 0 6 5 5 10 18 5 2 8 8 8 4 7 19 3 4 12 7 7 20 14 14 14 16 1 15 5 6 8 5 7 1 11 8 6 13 16 15 12
13 2 4 5 3 18 16 0 2 10 7 9 14 8 10 18 12 12 1 9 4 3 9 7 18 1 13 17 5 7 11 19 11 7 16 4 4 2 6 14 3 17 13 3 11
11 5 13 19 16 5 9 4 0 18 17 9 5 4 16 11 9 13 4 5 8 10 3 11 9 3 20 13 10 19 14 20 16 11 2 20 20 10 4 2 18 7 1 3 12
17 18 11 9 10 4 18 10 18 0 5 9 2 4 5 6 7 16 3 13 18 1 13 5 13 5 1 17 12 3 8 13 16 13 16 13 1 1 8 8 20 20 9 19 15
11 20 17 9 1 15 1 2 5 12 0 2 5 13 11 10 15 15 12 20 15 5 1 19 10 20 9 7 11 13 10 12 8 20 15 15 11 13 14 9 14 2 4 5 10
7 17 18 4 10 19 16 1 20 9 18 0 5 4 20 9 19 13 3 10 12 4 11 8 8 16 12 5 11 8 12 18 14 8 16 17 3 7 8 10 10 7 14 14 4
7 1 3 18 10 4 13 10 17 17 2 14 0 16 10 17 4 6 18 8 11 2 13 14 8 18 13 4 3 17 16 16 7 7 7 7 16 3 15 11 15 11 1 8 15
12 20 18 19 16 16 11 10 16 7 16 14 5 0 10 20 5 17 7 20 13 4 5 19 14 3 20 15 9 20 9 5 4 10 7 14 17 2 17 11 18 14 11 16 6
6 11 6 19 4 20 15 3 5 16 4 5 11 16 0 5 1 16 10 14 16 1 13 2 15 11 13 3 10 13 13 19 20 7 6 16 13 6 7 20 15 16 5 7 18
12 17 4 18 5 1 15 6 9 13 18 14 18 20 13 0 7 7 12 2 3 8 18 8 3 12 9 5 8 7 14 9 1 1 17 19 19 11 17 1 6 6 3 14 7
19 18 20 8 20 10 9 17 11 4 16 3 8 2 11 1 0 1 12 14 18 11 19 9 6 20 20 7 15 12 19 10 11 1 1 16 18 9 1 3 11 13 5 13 6
12 15 19 12 16 8 8 13 8 18 7 18 15 13 11 18 18 0 18 17 9 6 10 19 1 19 14 7 11 9 13 5 13 13 15 9 1 13 4 20 16 7 17 10 19
18 1 9 14 12 4 4 15 5 20 2 10 4 6 2 20 3 13 0 11 4 3 13 16 5 18 18 16 1 12 13 9 16 14 5 19 4 20 16 11 12 9 6 16 15
2 19 10 15 7 19 9 12 19 12 18 6 11 12 3 10 18 9 18 0 20 13 6 15 3 3 13 9 15 20 1 14 6 17 18 17 11 5 18 13 6 20 20 18 3
11 12 8 2 4 8 1 18 13 7 18 12 7 19 16 6 13 9 1 11 0 12 8 6 14 10 19 12 15 3 13 4 8 1 15 6 6 2 4 20 7 5 6 12 3
16 10 8 4 16 3 10 20 18 7 8 18 17 17 5 12 6 2 10 3 1 0 4 1 3 3 11 20 6 6 13 14 11 1 11 9 2 19 13 8 3 9 9 8 1
18 4 12 6 8 16 3 7 15 19 2 6 1 9 18 4 8 8 17 17 13 3 0 14 7 5 16 16 11 9 10 2 2 9 9 14 14 19 12 15 12 9 12 4 18
11 16 20 5 8 13 14 20 3 10 1 17 5 4 3 4 3 15 15 7 14 1 13 0 9 8 17 18 13 5 20 19 20 12 10 8 2 18 6 6 12 9 3 3 4
16 12 10 16 4 15 16 18 4 13 12 1 8 20 18 14 19 15 16 13 18 2 2 17 0 4 8 3 13 12 11 3 14 7 7 3 17 2 11 9 17 5 17 4 1
19 6 11 12 17 19 17 6 3 2 12 10 5 5 9 5 1 15 7 20 14 5 5 20 6 0 1 19 8 4 13 3 10 11 9 10 4 12 5 8 18 8 17 2 1
17 1 18 8 15 20 20 19 19 13 14 20 5 8 13 1 6 7 16 12 5 15 7 13 1 7 0 17 12 14 9 11 11 14 4 1 13 17 8 2 12 11 13 2 2
9 10 2 4 6 9 16 18 8 4 15 10 18 10 2 2 13 12 8 17 5 17 16 12 2 3 10 0 15 15 12 9 5 20 2 18 18 14 18 2 14 12 19 17 10
15 15 18 18 20 14 10 9 2 1 8 10 1 14 7 17 8 11 2 20 3 11 18 18 11 5 16 1 0 5 9 9 11 13 16 6 7 17 18 20 20 17 17 20 6
18 13 17 19 10 6 15 10 5 20 15 13 11 12 20 8 2 7 10 10 4 5 10 6 2 19 6 7 10 0 13 15 9 2 8 13 18 6 6 5 10 15 20 10 9
1 1 10 15 10 11 10 8 15 16 12 12 5 11 13 5 2 7 9 11 19 7 18 20 20 10 9 1 16 6 0 17 9 19 1 1 12 10 11 2 14 12 13 10 14
17 5 13 2 5 13 2 12 7 1 7 2 13 7 16 7 1 4 12 11 16 16 1 8 12 20 17 2 11 8 6 0 9 1 16 8 13 9 9 18 1 3 16 5 7
20 15 14 17 7 17 20 5 1 7 10 19 7 11 13 2 1 19 10 9 14 9 18 9 4 17 18 5 4 10 5 17 0 14 9 13 6 13 10 12 11 7 1 16 19
14 14 5 17 11 2 2 2 15 12 20 18 15 2 16 2 13 12 9 11 6 8 18 14 17 1 20 3 19 20 20 16 9 0 10 9 12 1 13 6 13 17 14 3 14
3 8 5 11 7 11 14 11 8 20 15 10 5 7 6 6 3 5 3 5 18 4 2 1 12 7 11 20 20 14 20 1 13 12 0 10 2 3 13 17 5 10 16 11 6
6 10 7 9 16 9 13 11 17 13 12 11 20 3 3 9 10 19 2 1 12 1 16 17 12 1 12 10 3 15 4 5 5 18 15 0 16 12 5 18 9 19 13 17 4
7 10 18 6 11 18 13 5 3 1 4 14 12 10 1 5 13 15 3 19 3 6 15 15 3 9 20 17 11 17 5 6 9 5 13 2 0 18 13 9 11 16 6 10 1
5 2 19 4 9 11 11 5 14 16 14 20 11 9 8 4 16 12 7 2 18 15 9 18 7 17 8 3 7 13 14 20 5 5 3 2 20 0 14 3 11 11 18 14 17
20 8 5 19 6 2 4 3 9 19 4 11 6 5 18 12 15 14 9 6 8 19 9 5 10 5 9 13 14 5 13 5 5 8 14 13 20 11 0 9 16 8 2 2 19
15 17 1 12 6 7 20 4 15 8 18 11 7 12 6 4 2 3 6 17 3 11 1 14 6 1 19 16 11 8 12 19 19 6 17 20 10 3 8 0 4 16 5 12 16
3 8 10 14 15 6 9 11 3 3 14 11 5 10 7 5 5 1 6 7 2 15 20 19 14 15 16 19 16 5 2 6 19 11 3 13 8 16 2 17 0 19 14 5 2
15 13 18 10 10 20 14 10 13 17 11 16 17 4 17 4 9 20 4 5 7 8 1 18 5 3 5 7 12 11 2 18 12 16 7 12 16 5 15 19 20 0 20 18 18
13 10 9 12 20 4 10 4 15 16 7 4 11 17 11 19 8 15 7 10 10 17 15 1 11 13 9 20 18 5 20 5 1 9 7 19 20 19 7 1 5 4 0 16 6
2 7 10 2 8 20 9 12 16 13 17 4 14 2 15 1 19 9 6 18 15 20 14 2 10 8 11 13 13 16 12 3 18 7 12 4 10 16 8 8 15 10 7 0 18
13 20 15 15 6 8 8 10 7 13 15 16 7 6 10 14 16 13 19 11 4 5 15 10 1 15 14 17 2 17 18 17 16 14 14 1 16 5 17 2 14 7 11 12 0
