55
0 3 17 14 10 17 4 10 7 14 14 10 15 9 2 19 20 17 4 12 15 3 7 8 8 14 7 6 17 3 20 5 3 16 16 11 7 18 4 17 4 9 6 14 6 3 14 11 16 5 19 17 8 13 12
17 0 9 5 2 3 2 16 5 2 10 7 18 15 20 4 8 10 14 17 3 19 5 18 17 19 2 20 15 7 20 15 9 12 19 3 15 7 20 2 13 11 10 1 15 7 6 12 20 14 6 10 20 6 1
4 2 0 5 13 17 19 12 5 19 17 20 19 17 20 13 10 12 13 13 10 15 11 8 1 20 2 20 4 6 11 5 19 8 19 15 12 13 16 19 1 10 14 10 20 6 14 19 11 14 6 6 6 6 10
12 16 19 0 19 5 1 2 19 18 19 8 19 16 12 16 7 16 7 12 6 6 15 20 9 15 16 6 10 15 8 3 11 8 8 13 1 2 2 5 14 15 1 19 11 17 3 13 13 16 16 19 12 20 19
6 4 18 8 0 7 12 7 3 12 17 15 15 1 9 1 14 15 14 7 14 11 6 6 16 12 3 7 3 11 8 8 15 8 16 3 19 17 3 9 13 1 18 18 8 19 13 17 15 13 15 4 17 20 16
20 8 16 2 19 0 17 15 12 4 1 2 17 4 7 3 13 20 16 12 1 4 9 9 2 6 17 5 18 10 16 13 13 14 2 16 16 18 7 4 16 20 10 14 7 19 8 13 6 1 12 12 6 17 12
17 3 17 13 4 1 0 8 8 8 3 17 20 1 7 15 1 3 8 14 3 9 18 8 8 5 3 16 3 5 3 15 20 16 18 12 11 8 16 8 15 9 13 14 16 1 10 1 9 20 9 19 5 8 1
11 14 20 16 20 15 11 0 8 8 14 12 16 20 2 15 6 18 2 2 9 20 1 12 16 11 19 12 12 5 17 17 8 18 14 11 16 11 18 7 8 11 19 19 5 8 7 2 17 9 13 5 10 10 10
10 15 14 9 19 14 13 9 0 14 6 12 20 2 10 1 4 20 13 20 10 4 2 8 1 9 9 17 6 16 5 20 12 16 9 10 1 10 7 20 19 1 11 19 3 8 18 16 12 8 14 4 15 9 8
12 13 18 7 16 7 12 17 14 0 8 16 8 13 6 13 10 16 9 12 12 7 19 19 9 16 2 4 3 12 1 13 3 1 20 10 3 7 8 6 11 19 19 8 15 11 16 8 13 18 15 18 12 13 3
18 4 12 15 6 8 19 16 4 15 0 13 12 6 3 6 10 19 3 11 3 8 8 2 18 12 1 5 10 18 5 18 17 12 13 7 18 1 19 19 17 4 12 8 11 3 13 4 12 1 9 14 13 6 5
15 7 4 9 1 8 10 11 17 18 17 0 5 17 20 14 17 19 18 4 3 6 11 6 5 7 6 19 12 5 17 6 18 4 20 20 12 15 12 9 3 2 20 4 6 4 19 2 10 10 3 5 20 4 19
5 6 9 9 8 18 14 11 11 15 5 3 0 20 5 14 18 16 19 18 6 2 5 2 7 17 14 7 8 2 17 20 12 17 3 11 14 3 12 14 12 14 18 6 6 3 18 10 7 20 20 17 8 3 8
15 8 19 15 3 13 9 13 20 18 6 1 18 0 8 6 13 9 7 20 14 10 2 7 18 13 7 2 9 5 7 4 13 15 15 10 20 17 8 7 8 1 11 5 9 12 1 18 14 6 10 13 3 20 9
17 8 7 3 8 3 18 14 18 19 6 6 10 11 0 16 9 2 6 9 4 14 15 4 13 8 1 10 7 13 16 1 15 1 12 13 11 1 13 4 6 19 19 6 2 16 6 4 4 8 12 6 16 19 16
19 20 20 6 16 5 7 3 8 7 16 6 7 6 7 0 17 15 3 17 6 13 5 7 14 7 5 9 10 8 10 7 7 2 8 7 10 8 18 1 5 2 3 3 14 3 7 6 16 10 15 13 6 20 1
10 7 6 14 18 15 19 5 12 2 11 6 3 13 10 18 0 16 20 18 14 6 1 9 3 11 7 8 19 16 18 14 6 15 16 12 16 12 11 13 3 4 5 13 4 7 19 1 11 6 11 11 6 19 2
16 17 3 7 17 20 18 19 4 11 15 14 6 17 17 8 12 0 12 19 10 5 2 12 10 14 12 12 10 17 11 3 18 1 18 18 2 15 1 3 4 18 1 15 17 5 4 1 17 9 20 9 14 16 16
10 17 18 2 1 11 18 12 10 5 6 6 17 16 4 6 1 15 0 9 20 2 17 2 19 16 7 7 1 13 17 9 16 13 6 16 8 8 7 9 5 19 19 20 8 6 2 2 6 5 4 12 10 15 6
20 17 5 5 1 8 18 3 10 8 8 13 14 3 19 8 17 5 7 0 8 18 1 17 7 11 8 3 16 12 10 9 5 5 2 10 1 3 4 19 15 5 7 11 13 7 11 14 19 4 10 18 19 4 4
13 18 18 11 6 9 2 13 10 20 5 6 5 12 3 2 9 8 8 20 0 7 1 6 19 20 11 12 6 8 20 7 20 13 7 1 13 13 6 9 6 15 2 1 5 13 12 7 8 14 17 10 10 5 2
20 17 2 11 13 17 4 17 20 9 11 13 6 2 17 7 19 11 16 11 12 0 15 5 10 12 13 1 10 6 7 5 3 5 4 6 14 2 6 5 15 9 20 19 5 12 18 9 13 8 14 1 9 7 14
11 20 7 1 16 14 17 17 4 14 8 15 1 1 13 10 10 13 4 14 15 20 0 7 10 7 3 9 9 16 1 18 3 5 19 7 7 10 8 6 10 17 7 11 5 20 10 16 18 3 2 14 17 19 3
18 1 5 11 7 1 20 11 15 9 14 16 15 12 8 9 13 7 13 11 2 3 14 0 11 14 2 14 3 3 20 7 2 13 2 7 18 15 9 16 15 11 16 13 13 9 2 11 4 19 1 11 4 11 10
18 4 5 2 20 2 4 18 10 12 2 17 13 17 3 6 10 1 10 1 19 11 20 14 0 3 11 4 10 11 14 11 9 1 19 16 5 6 19 5 2 1 16 14 16 7 6 20 14 17 1 2 19 16 12
12 13 6 6 18 8 9 9 7 8 13 17 2 17 12 3 18 14 7 8 8 11 2 14 3 0 7 13 8 8 10 16 14 8 20 7 14 4 4 13 14 8 2 7 3 2 10 5 1 9 13 13 19 3 2
5 3 17 4 10 1 7 2 19 5 18 4 20 6 18 9 7 13 1 2 3 17 10 12 19 10 0 19 6 17 1 13 14 10 2 19 12 17 14 1 16 7 5 16 13 15 20 9 17 2 7 17 3 13 19
16 8 17 17 20 16 5 9 16 10 4 17 3 11 14 5 8 4 7 15 8 10 10 12 16 6 1 0 4 17 7 6 11 4 18 5 7 20 15 19 6 2 6 20 8 5 7 11 14 20 20 20 3 13 3
2 17 20 7 3 17 9 2 10 17 8 2 2 18 17 18 13 13 19 2 5 2 9 16 3 20 17 4 0 2 8 19 20 19 7 7 1 12 13 12 1 20 6 12 16 9 19 14 11 17 15 8 20 11 4
20 10 8 2 13 14 20 20 6 2 18 13 12 9 12 7 5 6 6 14 18 14 11 20 18 12 8 14 12 0 18 20 8 5 17 12 18 8 3 8 8 2 16 7 9 19 19 14 13 16 4 18 16 3 18
10 12 14 20 17 15 15 1 14 19 9 12 6 2 10 17 17 8 12 2 20 12 1 15 14 5 10 16 14 16 0 8 4 20 15 12 17 14 11 11 15 2 17 8 11 8 4 20 12 18 8 12 9 3 15
12 4 1 20 10 19 16 2 17 10 5 7 2 6 2 14 4 8 16 9 12 10 4 5 8 5 4 8 16 2 8 0 6 13 18 17 5 10 1 10 7 2 3 16 7 13 5 5 18 2 7 12 4 9 15
20 14 20 8 7 7 1 6 5 7 17 11 20 18 17 2 16 18 12 16 5 17 15 14 4 5 5 15 3 3 12 3 0 10 3 9 18 4 13 1 6 16 1 19 7 1 1 9 9 7 2 2 17 6 3
15 7 18 11 11 20 8 20 10 17 10 10 19 16 13 17 9 11 16 20 11 11 8 20 1 17 4 9 6 14 6 8 10 0 15 5 3 20 5 12 3 9 15 9 13 10 11 1 9 10 1 3 9 11 12
3 15 19 14 4 9 9 17 7 16 9 4 3 4 3 8 13 19 2 9 7 10 10 10 16 18 16 8 19 15 3 5 3 11 0 18 3 4 7 14 7 6 8 8 6 7 3 8 13 8 7 4 18 7 12
1 16 20 1 19 18 8 9 6 15 11 2 15 18 18 1 14 18 11 8 11 1 15 18 3 11 20 7 11 8 17 12 13 14 4 0 7 19 14 7 14 20 13 2 5 19 16 2 7 13 7 7 20 14 2
1 14 19 12 7 13 5 18 4 11 16 19 18 7 17 3 8 15 3 14 4 18 8 17 7 20 16 10 19 8 18 19 1 14 2 11 0 13 13 14 18 6 1 3 8 17 19 20 13 2 15 1 10 5 18
19 15 2 7 19 2 19 18 16 8 2 5 19 7 14 13 4 2 17 12 8 11 13 1 13 4 15 4 15 12 5 12 11 6 12 8 13 0 13 17 4 2 1 16 19 13 11 10 1 14 7 13 3 5 18
12 19 18 7 6 7 1 16 5 12 17 15 1 14 18 1 11 5 5 2 11 3 16 20 8 9 10 13 19 4 17 18 3 7 15 12 4 20 0 14 4 8 16 13 9 9 15 10 5 15 17 16 4 19 1
2 7 12 8 13 2 14 7 5 16 8 9 10 7 5 7 14 15 3 18 9 8 11 18 8 20 17 2 18 13 20 12 15 20 2 4 20 6 14 0 3 5 1 5 19 12 1 15 5 9 18 18 1 13 14
8 17 18 13 13 1 14 2 20 15 18 6 14 17 10 16 7 14 6 4 9 15 18 11 7 7 2 2 19 3 11 2 6 20 14 11 9 12 5 18 0 9 2 9 8 17 3 7 7 7 17 16 8 16 15
14 4 1 1 14 7 8 18 20 19 7 15 11 17 6 6 19 16 12 19 18 7 11 18 16 16 7 6 12 19 14 15 5 11 8 2 5 19 4 3 5 0 3 16 1 9 14 9 5 5 19 12 11 20 16
1 8 11 16 3 13 14 9 16 1 8 13 18 13 1 3 11 14 1 1 18 11 20 12 2 8 5 16 20 6 3 15 4 19 14 15 13 7 4 13 13 14 0 12 19 12 11 18 13 5 5 13 8 12 20
8 20 17 18 15 5 12 11 17 6 11 16 13 4 15 19 17 6 19 6 14 2 3 3 7 16 16 10 8 6 5 4 7 4 7 13 20 13 13 6 11 12 9 0 4 5 9 3 1 3 20 20 1 4 14
2 9 7 6 20 17 5 10 13 6 4 7 11 4 16 17 13 5 17 13 13 8 20 20 13 20 3 8 10 1 2 6 8 5 19 19 1 13 5 7 1 5 2 13 0 20 5 16 18 4 14 3 3 6 10
4 14 1 20 16 2 9 1 17 4 20 15 7 16 17 4 15 8 11 7 17 14 6 13 1 18 20 1 2 17 12 17 6 16 11 6 13 3 3 12 3 20 18 17 16 0 3 12 14 16 7 19 12 5 17
6 20 8 14 4 6 5 19 9 18 9 13 3 9 16 9 4 6 1 3 11 6 10 18 7 7 15 14 12 8 14 14 10 3 14 20 4 20 7 5 11 12 1 13 6 1 0 8 9 8 9 10 6 13 1
11 18 11 12 2 19 11 13 9 5 13 18 14 11 4 11 19 10 6 1 16 11 5 1 11 10 17 9 18 4 14 7 18 6 18 20 15 15 16 13 13 10 16 17 1 1 4 0 14 15 10 10 5 7 2
5 8 16 3 10 1 4 16 4 17 4 1 17 18 4 14 15 11 13 1 4 13 4 1 4 8 10 11 19 4 8 11 5 5 5 17 1 14 11 18 18 19 9 5 8 15 20 7 0 17 9 8 17 12 18
6 1 17 3 14 7 11 3 2 12 2 4 9 11 12 5 8 1 4 12 11 11 13 18 14 15 16 18 7 18 9 14 2 20 13 17 19 5 8 1 5 13 9 9 20 15 20 11 6 0 16 20 6 9 17
14 7 8 17 9 19 20 2 2 10 15 10 1 18 2 9 6 13 1 14 6 5 3 2 1 1 18 8 14 20 3 6 10 10 5 7 18 15 4 9 3 12 5 19 11 6 17 20 10 2 0 20 12 6 9
2 19 16 6 5 15 11 1 20 13 10 10 2 16 1 1 13 4 15 19 7 5 12 6 10 19 6 5 4 20 9 5 13 19 15 15 11 8 18 2 8 15 20 7 3 12 18 8 14 5 1 0 12 20 15
14 14 16 4 15 10 11 15 11 11 11 19 17 8 14 4 19 3 17 3 10 1 9 10 11 2 12 17 16 7 6 3 19 13 17 11 7 8 15 14 2 10 5 6 14 9 4 12 2 10 5 16 0 9 12
13 8 19 16 12 10 1 6 12 7 19 3 15 9 11 18 4 7 16 15 18 5 12 14 3 8 2 7 1 9 20 2 5 2 13 14 20 3 9 9 2 18 17 6 20 2 7 4 7 18 10 15 3 0 1
16 9 5 1 20 19 17 5 1 17 9 8 7 7 18 19 3 1 14 10 12 13 13 11 19 18 1 18 9 13 9 18 8 1 5 11 6 6 6 14 17 2 17 13 1 6 20 15 12 14 11 1 20 19 0
