25
0 5 18 4 7 5 8 19 1 20 3 16 14 15 6 14 3 10 20 9 16 3 7 4 1
13 0 20 20 17 2 1 9 15 3 12 11 16 5 5 12 8 14 11 14 8 16 7 6 13
19 16 0 15 12 8 12 9 7 18 16 11 14 8 12 19 3 12 10 15 20 7 7 9 9
9 19 14 0 1 13 20 10 4 5 12 14 20 12 2 1 4 19 7 19 17 2 9 6 8
16 3 18 10 0 1 18 12 10 2 12 17 4 4 20 17 17 9 1 11 7 8 3 10 1
16 12 18 19 7 0 20 4 17 13 5 2 4 11 9 4 6 7 7 6 5 15 4 17 20
12 2 16 20 1 6 0 1 9 19 13 4 2 19 10 18 4 8 10 17 16 5 3 4 12
6 12 16 10 17 17 14 0 16 4 5 11 18 7 12 16 20 3 14 9 7 12 1 5 5
9 5 2 20 4 9 14 19 0 16 4 12 1 4 13 18 5 19 10 3 17 9 4 8 17
3 10 7 18 4 9 3 5 7 0 5 4 16 16 5 9 6 5 13 20 10 6 6 20 12
10 8 10 2 11 6 12 13 6 15 0 12 12 5 7 13 1 1 8 17 16 11 15 3 2
11 20 10 1 18 10 20 2 15 9 1 0 4 18 10 7 5 12 18 8 1 13 6 7 11
4 14 13 7 13 5 11 4 13 8 5 16 0 10 15 8 13 10 3 4 8 8 2 11 2
10 8 12 7 10 12 4 14 14 3 14 8 17 0 2 19 6 12 11 1 5 18 19 12 2
10 17 20 5 12 2 17 4 20 10 13 20 12 5 0 2 8 5 11 6 12 9 4 18 8
3 12 12 8 6 9 12 4 7 19 2 11 17 6 12 0 17 9 11 6 18 5 9 11 11
2 18 3 5 12 14 10 18 14 11 17 3 13 6 11 3 0 6 6 2 14 7 16 19 19
10 7 3 5 7 19 8 14 19 16 5 15 20 2 18 7 3 0 10 10 1 9 12 10 4
12 3 3 19 4 18 11 6 3 16 12 12 4 15 1 15 10 11 0 10 18 9 3 1 19
15 2 2 16 1 15 1 3 7 20 20 19 12 19 10 18 20 9 2 0 3 17 14 15 9
3 16 15 8 4 15 3 7 14 3 18 13 2 12 10 16 19 12 13 11 0 17 11 5 10
1 17 12 12 2 11 9 11 14 7 8 1 12 3 11 12 1 17 7 8 3 0 10 2 10
4 13 18 9 15 4 7 1 13 17 13 11 3 20 20 15 1 4 3 19 13 17 0 12 11
1 5 16 18 7 7 18 6 16 6 10 19 9 5 5 7 4 11 19 4 8 6 6 0 7
5 10 15 5 12 17 20 13 2 2 20 3 20 1 5 17 8 12 10 15 15 18 1 18 0
