30
0 17 7 11 12 5 2 14 17 12 2 20 10 14 7 15 11 16 1 2 11 20 16 10 20 5 15 6 15 16
3 0 12 12 6 19 18 6 5 1 14 17 12 13 2 13 11 2 12 2 8 6 12 9 1 1 3 3 8 12
4 3 0 6 16 16 5 17 20 20 5 5 14 16 19 9 20 4 10 13 9 2 7 8 4 12 2 7 13 9
14 11 12 0 4 9 9 20 13 18 4 16 7 20 8 6 3 18 13 15 9 5 4 19 13 11 18 11 2 6
6 13 4 20 0 5 17 20 5 13 12 3 1 1 5 18 11 10 13 6 15 1 7 6 1 2 5 5 13 3
7 20 3 20 4 0 18 11 18 5 19 1 15 9 4 19 16 5 10 6 5 15 5 12 8 10 9 4 11 14
17 12 16 7 5 2 0 12 14 7 2 11 4 15 18 5 16 3 6 11 14 20 8 10 5 1 11 1 6 10
18 15 3 5 19 4 5 0 3 12 20 8 8 10 20 7 3 13 20 4 20 8 6 18 7 15 12 13 10 18
12 11 4 6 5 16 7 7 0 2 1 10 10 10 10 20 10 1 1 1 18 2 15 14 9 16 9 18 17 20
14 11 9 9 16 8 20 18 6 0 3 7 6 2 15 1 1 1 20 13 5 5 3 19 13 2 15 8 13 4
4 19 9 2 5 16 7 4 13 19 0 4 4 1 3 15 17 8 13 20 15 13 17 3 11 16 2 5 19 15
10 13 17 10 2 17 4 6 10 18 6 0 1 16 17 12 20 11 10 20 13 14 5 8 5 9 8 11 3 6
8 13 1 8 18 20 18 3 8 10 11 10 0 18 8 16 4 12 3 4 12 13 4 6 12 7 14 6 12 1
4 2 17 6 3 15 14 8 1 16 20 18 16 0 13 1 13 2 7 11 14 14 17 5 6 6 6 13 17 3
4 3 12 10 14 11 17 2 18 19 10 19 11 12 0 7 1 1 3 11 10 19 9 2 15 15 9 2 16 19
14 1 18 13 11 13 1 9 5 5 4 18 10 5 2 0 16 2 1 16 18 17 2 13 15 14 15 15 4 5
18 20 17 8 3 5 10 17 12 2 17 17 20 8 5 9 0 1 14 3 7 7 3 14 6 4 5 2 20 19
16 4 11 3 4 10 14 10 9 19 2 12 16 10 13 7 15 0 3 3 16 4 14 15 3 15 20 8 6 18
8 2 5 2 6 9 6 18 4 9 11 14 15 3 13 17 12 6 0 5 3 18 16 11 8 20 9 14 10 9
4 19 9 3 15 1 9 16 4 18 9 17 12 11 3 5 2 6 9 0 14 7 9 17 8 9 15 15 8 16
7 15 18 16 3 15 18 12 9 17 15 3 3 6 2 19 4 17 9 16 0 12 15 1 16 20 16 17 19 17
3 3 7 10 12 12 18 9 16 2 9 14 5 4 15 5 6 5 19 5 20 0 14 4 9 4 20 3 7 18
13 19 4 11 16 15 8 2 4 18 3 19 10 4 8 5 14 7 18 1 11 9 0 10 1 20 17 8 1 6
19 19 18 4 6 14 13 12 5 14 15 15 17 5 13 19 13 6 2 13 7 15 14 0 14 20 9 2 18 1
2 12 16 3 12 12 19 16 12 3 4 6 9 10 16 16 15 14 18 5 18 3 2 5 0 19 9 2 20 5
11 20 5 6 17 6 5 7 15 2 6 1 8 18 11 11 14 13 1 14 3 17 1 12 18 0 14 6 4 5
5 12 17 8 11 3 2 6 2 17 3 1 14 17 14 8 13 14 18 15 13 20 13 11 7 4 0 17 10 19
1 12 6 17 19 19 6 1 1 5 8 7 14 18 6 15 15 9 1 12 4 19 2 6 2 20 10 0 6 4
9 20 11 1 6 12 16 5 6 19 15 10 12 4 1 12 9 3 20 3 8 17 3 11 1 4 11 19 0 18
7 8 16 5 2 1 20 8 4 5 4 10 2 4 11 13 12 3 17 20 8 9 7 19 18 14 1 17 20 0
