40
0 4 10 10 3 3 13 8 18 4 17 10 20 3 5 7 12 20 12 8 7 11 3 12 18 10 16 12 4 20 3 8 15 6 17 1 18 20 8 10
11 0 8 20 19 11 9 5 4 8 8 1 17 17 12 5 20 11 7 20 6 13 11 8 14 11 6 14 19 16 3 20 2 15 16 15 14 20 19 20
6 14 0 9 13 18 4 4 14 2 15 20 6 12 16 6 19 18 1 20 20 9 18 6 11 20 4 9 5 10 5 9 5 7 1 6 5 14 12 1
4 9 18 0 14 12 11 16 1 2 10 6 16 2 1 9 12 4 7 11 3 3 11 7 15 17 17 13 5 3 20 11 2 4 4 15 8 12 20 12
17 1 11 9 0 20 8 10 10 4 15 6 13 17 13 1 1 2 2 2 15 7 11 8 10 13 18 17 3 15 5 15 5 18 17 11 11 1 20 16
15 7 11 14 8 0 20 2 10 9 12 15 13 1 13 8 8 16 18 1 5 2 4 1 16 1 20 4 19 5 16 12 17 3 10 8 3 8 17 11
1 16 7 7 14 1 0 7 17 14 4 18 7 12 2 8 3 8 1 4 1 16 8 13 14 19 17 19 15 11 9 2 18 18 20 2 16 4 19 11
11 19 6 13 13 20 5 0 11 4 6 2 5 14 3 14 6 4 2 16 11 8 11 6 9 11 12 18 11 19 3 3 2 14 20 10 12 20 15 15
15 12 14 3 10 17 7 5 0 9 6 5 15 19 14 3 18 10 12 4 19 9 16 16 13 4 13 7 14 14 10 3 10 14 5 5 14 18 16 17
9 16 11 5 8 14 5 14 7 0 12 1 14 11 16 1 8 11 1 12 12 18 17 6 8 11 11 4 1 8 11 15 1 11 4 15 18 1 6 11
20 3 15 3 2 5 13 1 10 19 0 13 18 13 12 1 17 9 11 1 8 4 14 2 13 8 2 13 13 10 13 16 2 1 8 15 9 16 7 4
17 18 12 9 16 3 6 13 3 12 6 0 13 18 2 15 19 13 19 3 8 11 1 11 6 2 6 5 2 12 16 2 20 14 14 19 10 17 5 1
5 3 1 7 17 7 1 7 10 1 16 10 0 3 16 11 6 4 10 1 9 16 13 20 2 16 20 13 11 9 12 8 1 20 12 16 3 14 3 13
8 8 5 9 18 10 14 19 11 17 9 16 14 0 10 18 14 20 20 15 13 9 18 6 14 8 10 2 19 3 9 4 15 7 12 6 6 18 14 3
1 4 6 5 6 5 3 6 13 1 15 6 5 13 0 8 11 20 5 20 6 2 18 10 8 2 9 2 18 11 8 10 11 7 17 10 15 14 13 9
18 4 10 19 12 16 10 1 20 16 13 18 8 12 19 0 9 14 17 17 11 14 11 7 4 17 5 16 16 16 13 18 9 15 19 5 14 20 2 15
1 12 2 8 17 8 12 18 7 4 15 17 1 6 6 19 0 6 20 14 3 19 12 18 1 11 15 1 8 17 17 12 17 17 2 20 17 17 6 12
13 13 4 19 13 9 20 7 16 8 1 5 10 18 1 8 1 0 11 19 7 18 16 8 7 9 10 6 11 19 8 15 9 11 12 13 18 8 11 11
11 6 10 5 2 1 13 8 18 17 6 3 16 19 11 18 20 17 0 10 3 18 15 20 16 7 14 16 20 5 5 1 8 16 13 5 6 17 13 16
10 8 12 15 12 8 13 12 11 19 19 12 4 13 5 20 20 8 3 0 9 11 8 17 5 8 20 20 17 4 2 12 1 4 20 16 3 15 8 6
2 8 13 6 13 12 13 10 1 4 6 3 9 5 6 2 14 18 4 13 0 10 12 2 5 19 16 9 2 10 19 15 10 6 3 18 18 13 2 10
20 18 19 16 1 8 6 5 10 2 18 11 16 17 9 12 10 19 1 14 16 0 7 3 14 17 17 7 3 5 15 19 4 19 13 16 13 13 6 6
11 15 14 7 7 10 12 7 13 9 4 3 10 19 16 13 18 20 4 8 9 4 0 14 19 8 3 20 4 5 8 14 5 8 19 12 19 13 16 14
13 11 20 5 19 4 11 5 14 10 11 20 2 7 18 16 1 16 15 8 10 11 20 0 2 8 12 15 11 8 17 15 11 11 14 10 4 7 16 14
12 6 7 9 19 5 5 12 12 20 16 3 13 14 15 9 19 1 16 10 18 1 13 3 0 11 8 1 20 18 3 8 5 13 2 5 9 8 9 19
16 5 17 10 12 18 15 3 17 20 5 1 5 3 5 16 7 5 4 4 1 8 5 8 11 0 11 12 15 17 17 15 14 6 19 7 19 5 8 4
8 18 1 1 1 14 5 9 8 5 17 16 8 10 1 6 9 10 9 2 2 2 20 7 7 15 0 2 14 18 4 12 20 12 15 19 16 1 7 12
1 8 13 10 13 20 13 15 3 19 9 19 16 12 5 10 10 14 7 12 18 16 15 5 10 7 7 0 7 5 14 14 16 18 16 9 3 18 11 4
1 10 12 3 16 10 20 11 5 2 9 14 3 15 14 8 9 15 8 7 17 6 18 4 2 16 14 15 0 6 8 19 6 3 12 14 16 12 5 17
14 6 12 16 9 10 12 20 3 7 1 11 6 16 4 15 8 13 19 16 4 18 16 6 3 6 5 10 6 0 16 3 18 12 14 11 1 2 13 12
20 8 18 14 1 5 4 6 11 20 17 5 16 12 17 19 17 10 15 2 16 5 1 9 10 14 15 15 15 14 0 9 12 5 12 11 17 2 15 15
7 12 8 16 19 4 1 13 16 6 16 4 8 9 18 4 12 4 10 10 18 10 7 17 4 17 18 1 18 3 13 0 1 13 16 7 8 7 19 11
10 13 17 17 12 16 18 12 19 4 18 20 9 6 3 9 12 19 2 18 16 10 16 18 2 11 8 6 8 1 1 16 0 1 19 19 12 2 15 15
1 2 7 4 11 3 16 16 12 10 6 15 8 13 4 19 5 5 9 3 13 8 12 13 5 8 10 11 14 13 10 4 14 0 1 15 11 1 9 19
15 2 1 15 15 13 20 3 16 12 4 12 16 6 15 7 18 12 5 19 14 6 6 13 14 17 1 9 19 5 15 19 6 11 0 1 4 17 9 3
9 4 18 9 12 3 10 8 12 3 17 2 20 17 18 9 13 9 17 17 7 13 6 14 18 4 16 20 9 7 5 16 19 17 4 0 18 14 3 18
2 5 3 18 18 15 14 1 8 5 14 3 11 20 17 10 20 5 9 17 5 6 6 2 6 14 6 18 14 20 10 1 18 19 1 11 0 5 14 9
7 14 6 6 13 1 16 13 18 6 19 4 11 13 18 18 9 10 20 15 2 6 2 10 19 15 19 8 9 7 5 5 9 13 2 3 20 0 11 19
11 2 8 14 4 4 18 12 13 5 15 2 8 12 13 4 1 7 6 20 18 12 10 2 9 20 18 9 20 15 13 10 20 17 11 4 14 1 0 10
7 11 13 8 5 1 4 17 15 20 8 16 1 17 14 2 5 16 20 6 1 9 15 12 18 20 20 16 4 1 10 5 11 16 3 15 2 8 14 0
